   1	1	 88.32133	 36.47860	 37.92251
   2	1	 138.58466	 71.43792	 148.03095
   3	1	 277.02696	 148.25521	 47.22353
   4	1	 32.53786	 39.82938	 355.54542
   5	1	 322.24111	 119.69272	 29.20764
   6	1	 150.49780	 134.75274	 178.29277
   7	1	 89.63597	 140.26888	 47.32575
   8	1	 269.30862	 38.58334	 317.55396
   9	1	 273.85249	 42.05976	 42.32407
  10	1	 144.20268	 106.34961	 121.44245
  11	1	 149.79171	 117.47360	 117.87136
  12	1	 218.78791	 112.03102	 60.41877
  13	1	 138.33892	 63.06535	 66.50696
  14	1	 270.13809	 140.11478	 132.03832
  15	1	 217.19006	 73.70648	 25.18813
  16	1	 217.34722	 37.35923	 92.57513
  17	1	 222.47370	 111.39952	 152.90311
  18	1	 145.87322	 45.16947	 89.96062
  19	1	 213.40798	 117.23793	 247.52118
  20	1	 318.34699	 133.45524	 90.17091
  21	1	 33.80556	 46.13542	 271.36327
  22	1	 223.62602	 111.22115	 150.88460
  23	1	 218.49175	 111.47496	 322.85471
  24	1	 33.28975	 62.98262	 291.55511
  25	1	 221.75032	 64.71724	 112.19216
  26	1	 217.98468	 108.21145	 58.56389
  27	1	 44.55218	 63.09590	 26.79796
  28	1	 322.34343	 113.17038	 116.60492
  29	1	 56.01795	 87.18501	 227.06909
  30	1	 35.26937	 104.20434	 242.78743
  31	1	 126.32785	 93.62837	 45.18776
  32	1	 312.28861	 66.78567	 333.41255
  33	1	 214.80505	 48.05770	 273.29273
  34	1	 218.68906	 134.72794	 272.92882
  35	1	 37.90419	 115.82889	 337.69003
  36	1	 46.66691	 113.69276	 242.25430
  37	1	 271.98844	 149.79964	 136.85618
  38	1	 138.19175	 61.04221	 145.22144
  39	1	 318.56475	 131.00302	 177.46016
  40	1	 211.54253	 141.24513	 178.75914
  41	1	 43.10293	 64.15539	 203.05410
  42	1	 327.84707	 110.60476	 205.64866
  43	1	 87.42579	 145.17511	 311.85811
  44	1	 143.34721	 63.57313	 66.24486
  45	1	 41.16341	 107.06160	 336.14287
  46	1	 216.52281	 107.31461	 153.76577
  47	1	 313.08692	 114.41298	 111.74706
  48	1	 146.71092	 43.85432	 176.22537
  49	1	 38.55147	 63.80482	 291.48920
  50	1	 220.06913	 120.07933	 243.21901
  51	1	 272.51614	 35.70492	 219.61861
  52	1	 145.22497	 47.07747	 178.47444
  53	1	 141.65079	 62.31517	 156.09173
  54	1	 326.96763	 42.71917	 179.60752
  55	1	 37.91480	 66.40553	 116.83552
  56	1	 268.01562	 40.97607	 225.52956
  57	1	 232.76346	 88.42444	 135.01450
  58	1	 90.24818	 152.20072	 48.31006
  59	1	 267.75560	 32.29123	 313.18270
  60	1	 265.95063	 142.72843	 312.64181
  61	1	 138.87860	 112.99218	 114.67602
  62	1	 148.86066	 114.54878	 22.04830
  63	1	 142.18223	 113.57423	 30.41774
  64	1	 221.13088	 68.31763	 296.88597
  65	1	 88.71448	 149.09968	 44.54649
  66	1	 273.02308	 38.38579	 138.46607
  67	1	 266.86883	 143.19383	 311.92930
  68	1	 274.36595	 35.73408	 309.93659
  69	1	 91.66263	 47.13761	 46.55400
  70	1	 320.22256	 59.23547	 151.64623
  71	1	 129.71829	 92.28002	 37.86727
  72	1	 54.92366	 93.35530	 138.43608
  73	1	 139.85853	 114.24526	 116.13836
  74	1	 38.64924	 110.25121	 68.49424
  75	1	 270.75248	 147.10285	 313.59010
  76	1	 233.64948	 88.01091	 49.53533
  77	1	 140.12125	 72.26427	 63.03763
  78	1	 143.84460	 132.32100	 87.45671
  79	1	 266.86209	 142.39618	 322.07821
  80	1	 218.74817	 115.31543	 152.82208
  81	1	 218.89096	 110.71960	 154.20729
  82	1	 312.80285	 117.33626	 208.14850
  83	1	 315.64231	 60.62832	 61.06662
  84	1	 90.31180	 146.30595	 44.55670
  85	1	 327.40171	 113.23668	 210.87281
  86	1	 272.12371	 38.75305	 229.41150
  87	1	 274.53004	 139.81619	 43.78078
  88	1	 62.22018	 91.00966	 224.90512
  89	1	 142.92123	 65.57017	 237.60082
  90	1	 91.14125	 38.50402	 314.54016
  91	1	 216.29089	 68.86889	 22.17743
  92	1	 329.04781	 62.45976	 153.48847
  93	1	 313.84634	 111.38907	 294.74550
  94	1	 320.30582	 64.49034	 58.58295
  95	1	 264.36354	 141.76586	 37.58188
  96	1	 147.90995	 64.27796	 241.81666
  97	1	 124.87309	 91.36098	 45.87200
  98	1	 211.20004	 114.91843	 334.14102
  99	1	 271.09305	 41.04710	 133.55141
 100	1	 219.94539	 69.35156	 203.16302
 101	1	 217.73057	 45.99546	 86.25094
 102	1	 216.94385	 114.38972	 148.91597
 103	1	 210.86916	 48.59944	 266.86374
 104	1	 271.89396	 38.10735	 316.45128
 105	1	 318.71405	 117.90839	 203.17619
 106	1	 269.08770	 141.89823	 225.41463
 107	1	 41.60371	 117.13655	 151.08502
 108	1	 139.73392	 107.65117	 25.24207
 109	1	 327.88053	 117.02391	 297.70015
 110	1	 268.69394	 42.81314	 46.70364
 111	1	 34.59411	 115.73431	 60.97598
 112	1	 266.29843	 42.98489	 215.65163
 113	1	 315.88172	 66.35587	 241.15209
 114	1	 36.13712	 113.20317	 67.14398
 115	1	 222.00562	 105.19001	 335.99096
 116	1	 83.81967	 36.16482	 319.03483
 117	1	 221.93239	 120.84277	 152.06059
 118	1	 138.05103	 110.59101	 23.88004
 119	1	 40.77071	 112.39019	 246.31168
 120	1	 37.15945	 49.14667	 352.79714
 121	1	 88.36214	 145.54977	 133.65988
 122	1	 90.58667	 31.36937	 129.68756
 123	1	 273.62308	 35.68836	 318.24673
 124	1	 138.34671	 65.54038	 60.92250
 125	1	 267.01848	 36.82304	 309.78433
 126	1	 35.55616	 64.15073	 303.88438
 127	1	 317.25001	 62.23927	 337.58391
 128	1	 137.69871	 70.56740	 334.09649
 129	1	 217.81685	 113.12316	 241.30993
 130	1	 35.14936	 136.99568	 356.10495
 131	1	 147.83817	 62.13582	 69.05568
 132	1	 36.14575	 65.56432	 120.18393
 133	1	 320.60015	 68.25137	 160.77069
 134	1	 137.17918	 65.13210	 152.13591
 135	1	 141.64887	 111.08969	 208.48230
 136	1	 147.98303	 65.63495	 154.97673
 137	1	 325.03979	 113.13260	 301.89331
 138	1	 236.56334	 82.74470	 230.79521
 139	1	 323.44897	 38.96820	 187.73987
 140	1	 95.42169	 148.49568	 132.65250
 141	1	 226.88184	 113.20338	 244.79447
 142	1	 39.25094	 108.46610	 341.51144
 143	1	 265.08092	 145.82384	 133.94626
 144	1	 35.99351	 131.60492	 267.33674
 145	1	 211.99609	 112.88633	 238.26921
 146	1	 221.75343	 113.63606	 244.96408
 147	1	 136.39642	 111.46864	 22.03980
 148	1	 324.85830	 63.48491	 63.38737
 149	1	 34.88120	 47.79187	 270.15981
 150	1	 234.24539	 90.07514	 126.96468
 151	1	 47.06871	 74.89221	 32.02775
 152	1	 142.60894	 63.12124	 155.95142
 153	1	 214.58838	 134.58019	 177.50963
 154	1	 143.62018	 45.93131	 271.02613
 155	1	 275.02271	 37.12748	 45.48948
 156	1	 36.46220	 67.99922	 112.05193
 157	1	 272.98237	 142.86431	 315.92588
 158	1	 270.49217	 42.26856	 315.91902
 159	1	 322.41552	 117.49340	 28.09456
 160	1	 39.68055	 65.22914	 210.75580
 161	1	 277.98147	 149.32137	 226.09816
 162	1	 313.74017	 67.36014	 245.43978
 163	1	 218.12894	 107.87875	 244.27483
 164	1	 316.07547	 113.25744	 20.86990
 165	1	 323.82741	 67.95396	 151.18669
 166	1	 126.43038	 89.57602	 136.13271
 167	1	 35.83185	 113.48754	 57.93281
 168	1	 277.16140	 136.65069	 312.06019
 169	1	 269.97964	 150.10686	 226.42532
 170	1	 136.97689	 71.83667	 333.85264
 171	1	 324.11586	 112.67341	 28.88021
 172	1	 141.06135	 119.15981	 294.68432
 173	1	 34.13532	 49.33277	 1.13596
 174	1	 217.73671	 68.35163	 294.59785
 175	1	 135.52286	 114.01630	 25.03893
 176	1	 272.30098	 32.53108	 136.34165
 177	1	 96.06269	 32.11451	 320.11082
 178	1	 330.17988	 60.41039	 333.47931
 179	1	 94.76641	 155.03278	 318.14079
 180	1	 217.89870	 114.59711	 62.18990
 181	1	 322.14256	 115.06070	 115.89293
 182	1	 326.03237	 112.93066	 29.58183
 183	1	 38.45022	 65.57465	 28.68826
 184	1	 318.95550	 64.72851	 239.87610
 185	1	 142.82164	 64.27250	 153.33996
 186	1	 134.95030	 68.67404	 142.24655
 187	1	 329.15380	 71.23163	 252.62055
 188	1	 320.09280	 115.49457	 206.63564
 189	1	 323.63219	 43.60028	 180.96605
 190	1	 225.16817	 66.03347	 206.28938
 191	1	 94.67683	 32.92872	 39.84104
 192	1	 145.15813	 114.88895	 298.49565
 193	1	 265.79418	 138.24969	 230.18274
 194	1	 317.06293	 66.90683	 333.18497
 195	1	 88.99139	 148.82544	 227.88775
 196	1	 39.57712	 109.21492	 240.46251
 197	1	 320.11195	 47.89583	 266.21394
 198	1	 215.32386	 63.65546	 205.59281
 199	1	 87.39874	 35.25985	 46.74430
 200	1	 89.27189	 149.04539	 227.11192
 201	1	 145.46144	 68.59578	 243.47074
 202	1	 140.66322	 115.41361	 111.18557
 203	1	 221.61886	 57.93067	 208.35870
 204	1	 272.46708	 30.56239	 45.53996
 205	1	 144.31480	 65.73800	 73.77831
 206	1	 270.49006	 147.40930	 229.06928
 207	1	 138.16251	 112.15669	 198.26520
 208	1	 37.85070	 109.91072	 153.08272
 209	1	 215.88631	 136.19784	 89.55373
 210	1	 217.70350	 107.14826	 334.72940
 211	1	 321.25976	 44.45762	 87.26257
 212	1	 91.32841	 144.77920	 133.65956
 213	1	 84.74714	 146.60959	 47.22799
 214	1	 37.28395	 68.18515	 305.30432
 215	1	 226.17011	 52.57433	 291.93898
 216	1	 87.65663	 145.67703	 42.84170
 217	1	 326.53039	 41.34812	 175.80808
 218	1	 238.16441	 89.00186	 222.72537
 219	1	 38.26678	 66.07922	 26.97734
 220	1	 89.04716	 24.85345	 44.53822
 221	1	 315.48921	 114.78639	 299.15934
 222	1	 87.94607	 143.62804	 318.19973
 223	1	 270.37079	 36.47123	 310.32975
 224	1	 37.25316	 70.53435	 32.08488
 225	1	 143.84151	 113.33590	 115.74307
 226	1	 94.79398	 146.86719	 227.72069
 227	1	 268.86684	 33.60437	 217.55695
 228	1	 319.91208	 121.52989	 22.33185
 229	1	 304.41450	 90.10543	 224.33940
 230	1	 139.05462	 109.58349	 298.56194
 231	1	 322.25094	 118.35189	 113.58728
 232	1	 46.84207	 70.34024	 120.83398
 233	1	 313.24771	 60.69010	 154.28712
 234	1	 88.57091	 146.39814	 49.53528
 235	1	 54.32932	 92.26559	 230.73853
 236	1	 92.14965	 35.02751	 42.08571
 237	1	 135.40345	 64.54696	 332.70562
 238	1	 39.35647	 68.33022	 300.82417
 239	1	 272.96334	 143.97479	 226.12601
 240	1	 328.40587	 47.01235	 87.69578
 241	1	 269.22699	 30.61056	 49.00565
 242	1	 316.58929	 112.56541	 111.13363
 243	1	 216.90659	 137.36839	 271.78495
 244	1	 222.52782	 117.97298	 67.98894
 245	1	 42.24979	 113.09797	 64.84382
 246	1	 217.76226	 113.65276	 148.77657
 247	1	 327.26798	 44.89574	 179.07406
 248	1	 137.50758	 74.52373	 66.39620
 249	1	 40.90313	 117.37883	 160.48357
 250	1	 138.94060	 114.88314	 209.87853
 251	1	 138.07210	 109.45061	 209.98936
 252	1	 320.96399	 115.37759	 22.71660
 253	1	 223.82752	 112.09572	 57.00799
 254	1	 270.52658	 152.57094	 46.12501
 255	1	 84.87615	 32.59053	 222.14299
 256	1	 225.62213	 110.79844	 251.03591
 257	1	 237.10422	 93.66102	 49.96904
 258	1	 219.39640	 132.86870	 358.27997
 259	1	 144.09863	 114.55184	 202.60159
 260	1	 37.54173	 113.59277	 63.68538
 261	1	 267.49743	 28.61369	 137.57144
 262	1	 36.54761	 65.57362	 209.81256
 263	1	 133.45257	 61.31721	 147.72779
 264	1	 216.91754	 120.06804	 328.82979
 265	1	 140.95199	 64.17480	 152.73527
 266	1	 49.37100	 116.88988	 241.92191
 267	1	 91.09586	 37.32871	 38.98330
 268	1	 322.39585	 111.87615	 118.69367
 269	1	 137.82874	 63.92129	 158.62877
 270	1	 40.92493	 68.28983	 116.08711
 271	1	 53.35353	 90.31811	 314.30850
 272	1	 97.44088	 145.21555	 314.49946
 273	1	 136.74686	 73.13342	 156.10022
 274	1	 324.04774	 67.67649	 334.31414
 275	1	 319.79189	 63.64342	 153.43382
 276	1	 232.75888	 93.59162	 228.90991
 277	1	 328.27548	 41.22009	 95.22047
 278	1	 322.69120	 67.29861	 240.00262
 279	1	 141.78911	 112.78324	 117.03689
 280	1	 45.40271	 64.78296	 299.89361
 281	1	 218.06106	 110.44487	 152.28565
 282	1	 92.93838	 140.41488	 44.34364
 283	1	 217.57497	 63.27356	 295.46788
 284	1	 272.31323	 140.21905	 315.59390
 285	1	 37.36771	 117.87516	 332.93173
 286	1	 142.11282	 113.77363	 206.24637
 287	1	 317.29402	 114.39486	 300.32190
 288	1	 323.96323	 113.19116	 296.53426
 289	1	 221.63701	 113.67321	 326.57451
 290	1	 324.28221	 43.19652	 355.20027
 291	1	 308.32049	 86.46259	 227.98152
 292	1	 84.95250	 145.58506	 226.33553
 293	1	 268.87264	 148.20270	 307.86419
 294	1	 319.87462	 70.28146	 62.67824
 295	1	 269.84527	 141.02088	 233.48749
 296	1	 317.80160	 63.24332	 68.51591
 297	1	 318.67882	 111.24972	 295.05764
 298	1	 320.19621	 114.96523	 115.22135
 299	1	 319.71111	 113.25917	 24.69801
 300	1	 144.43013	 132.97648	 90.46064
 301	1	 220.00402	 117.02880	 153.96379
 302	1	 144.69218	 114.44020	 21.36874
 303	1	 37.95954	 63.00665	 297.23824
 304	1	 319.70262	 61.67067	 333.64009
 305	1	 140.35224	 109.03633	 206.50969
 306	1	 123.27220	 91.74275	 42.10267
 307	1	 268.98944	 31.72572	 49.48106
 308	1	 277.14699	 138.48157	 133.92645
 309	1	 39.57196	 62.42571	 302.53518
 310	1	 141.01049	 113.81109	 206.82112
 311	1	 319.35870	 65.89501	 60.25613
 312	1	 140.38389	 70.58053	 59.07202
 313	1	 44.86515	 68.18409	 208.26082
 314	1	 223.07810	 117.67106	 155.69770
 315	1	 45.96995	 124.57018	 67.54586
 316	1	 89.79812	 39.35738	 135.69482
 317	1	 43.64143	 115.87998	 332.47571
 318	1	 136.04870	 64.39173	 150.36967
 319	1	 142.87112	 60.67244	 245.17336
 320	1	 36.88581	 114.53732	 60.34289
 321	1	 267.01509	 151.27826	 52.52591
 322	1	 143.96401	 118.15088	 117.87214
 323	1	 139.53988	 108.44838	 297.73792
 324	1	 144.42059	 50.34500	 182.44378
 325	1	 270.17344	 148.57950	 43.73683
 326	1	 90.84755	 31.76350	 45.03360
 327	1	 96.67926	 34.24034	 307.40789
 328	1	 319.58924	 119.20754	 25.89882
 329	1	 320.62760	 113.40956	 26.03927
 330	1	 321.21487	 108.28352	 115.03264
 331	1	 130.61102	 67.04953	 59.64857
 332	1	 93.90004	 145.73998	 220.96431
 333	1	 318.03905	 117.30396	 116.85999
 334	1	 49.87345	 90.51175	 48.16384
 335	1	 144.89207	 133.68835	 358.46285
 336	1	 92.18130	 144.74048	 316.07550
 337	1	 34.16007	 62.95284	 292.50032
 338	1	 142.42924	 64.01643	 336.50119
 339	1	 318.73574	 133.80270	 176.95888
 340	1	 139.53684	 116.17132	 113.28883
 341	1	 210.42733	 43.26392	 4.58285
 342	1	 330.59738	 114.83622	 113.67467
 343	1	 267.68625	 33.70755	 303.06233
 344	1	 144.14896	 45.23697	 98.54255
 345	1	 37.48182	 68.39350	 121.41094
 346	1	 321.34627	 118.79939	 119.89352
 347	1	 232.77462	 88.90001	 225.25886
 348	1	 95.42917	 143.13459	 314.48075
 349	1	 277.57591	 32.65021	 43.39399
 350	1	 325.18355	 58.97873	 245.82845
 351	1	 218.34515	 64.13323	 211.73856
 352	1	 145.40512	 65.20331	 156.56898
 353	1	 32.62758	 47.85059	 97.46038
 354	1	 219.28788	 67.81533	 26.98064
 355	1	 33.74614	 44.30551	 4.81103
 356	1	 329.84346	 136.43183	 266.80413
 357	1	 44.16944	 63.65978	 307.42334
 358	1	 331.30830	 42.65889	 176.29773
 359	1	 137.96784	 60.92124	 154.68525
 360	1	 317.36015	 68.69768	 246.59645
 361	1	 84.57056	 39.58208	 313.19586
 362	1	 139.98760	 111.77677	 201.40321
 363	1	 271.05229	 42.41980	 137.02398
 364	1	 217.03150	 65.55673	 114.32240
 365	1	 302.85155	 90.22301	 136.97453
 366	1	 319.11362	 116.59440	 31.77979
 367	1	 34.27362	 68.15891	 301.84239
 368	1	 139.57806	 115.74014	 30.30933
 369	1	 40.30640	 61.73660	 299.80102
 370	1	 33.40125	 41.54405	 359.67576
 371	1	 142.81453	 113.03782	 110.78448
 372	1	 211.29808	 119.81205	 236.16129
 373	1	 219.19379	 110.97258	 150.63423
 374	1	 271.31656	 28.61070	 311.41302
 375	1	 270.08738	 148.69463	 316.27173
 376	1	 319.87682	 137.77227	 270.05319
 377	1	 40.46684	 113.97068	 65.54944
 378	1	 219.36893	 68.62446	 302.18833
 379	1	 322.65899	 66.58070	 334.68533
 380	1	 38.01800	 69.11183	 113.17845
 381	1	 304.47542	 92.21483	 38.87032
 382	1	 216.71615	 67.49191	 115.34030
 383	1	 148.06100	 40.99164	 178.42584
 384	1	 325.76874	 62.35286	 62.95852
 385	1	 320.38158	 65.61239	 335.14671
 386	1	 315.64093	 72.95652	 68.40411
 387	1	 42.41610	 57.50997	 202.54245
 388	1	 304.67141	 94.00996	 135.15067
 389	1	 48.75700	 88.48207	 134.34210
 390	1	 265.15747	 144.91346	 139.95954
 391	1	 326.60441	 137.74274	 90.43871
 392	1	 215.96651	 66.99155	 114.16391
 393	1	 91.41418	 36.83067	 38.49335
 394	1	 213.65412	 115.21298	 155.04768
 395	1	 40.10751	 109.52213	 160.95717
 396	1	 321.45748	 70.12372	 57.07734
 397	1	 275.38450	 144.25815	 45.38602
 398	1	 268.74099	 145.50012	 44.20197
 399	1	 322.06533	 62.41799	 245.75739
 400	1	 138.17723	 64.54970	 242.63191
 401	1	 48.54064	 112.50217	 335.05608
 402	1	 324.41464	 112.07340	 297.10195
 403	1	 91.95935	 141.41803	 135.53891
 404	1	 222.59073	 108.72906	 157.01715
 405	1	 34.01351	 132.47403	 0.07096
 406	1	 262.70316	 141.26085	 219.47283
 407	1	 147.49597	 118.28963	 299.42642
 408	1	 93.41431	 38.28752	 50.51112
 409	1	 139.37911	 67.80854	 242.83154
 410	1	 136.02338	 56.85051	 338.40312
 411	1	 96.88582	 34.84197	 131.58318
 412	1	 222.30976	 66.15124	 117.81607
 413	1	 223.44982	 115.67775	 239.34567
 414	1	 263.75323	 146.83905	 48.06698
 415	1	 320.02333	 121.06644	 302.90488
 416	1	 96.14076	 42.88422	 137.10619
 417	1	 232.01826	 93.98164	 139.92289
 418	1	 86.76807	 143.08129	 315.72984
 419	1	 36.04650	 40.08154	 272.92275
 420	1	 274.20816	 29.44766	 45.04246
 421	1	 218.98624	 62.84955	 203.48649
 422	1	 35.05444	 64.95524	 110.86229
 423	1	 36.97774	 67.85821	 292.82658
 424	1	 316.47588	 119.72717	 209.09878
 425	1	 41.08122	 117.93903	 151.55511
 426	1	 37.83513	 134.95988	 91.43440
 427	1	 308.09567	 87.03782	 42.91099
 428	1	 42.37468	 67.74789	 202.14193
 429	1	 40.61247	 59.21464	 198.65582
 430	1	 268.50891	 39.96998	 226.43108
 431	1	 269.43408	 144.95950	 49.13421
 432	1	 141.21591	 109.28112	 116.73242
 433	1	 145.69484	 45.42188	 270.38397
 434	1	 36.15784	 69.04884	 30.85149
 435	1	 56.18657	 87.19153	 316.69300
 436	1	 44.03039	 116.63123	 328.06815
 437	1	 86.63952	 137.28936	 228.44776
 438	1	 95.44098	 145.39359	 44.13032
 439	1	 147.02113	 47.36779	 96.95742
 440	1	 128.71004	 91.62317	 230.37625
 441	1	 33.53341	 139.88324	 87.07496
 442	1	 315.12835	 114.15164	 116.58208
 443	1	 139.71048	 113.04419	 122.02881
 444	1	 328.95877	 119.71712	 298.69540
 445	1	 90.81714	 36.73472	 133.17978
 446	1	 143.55457	 43.11082	 274.09618
 447	1	 273.13710	 37.73503	 221.29869
 448	1	 146.38408	 136.25081	 268.92724
 449	1	 144.83451	 40.23338	 94.97241
 450	1	 144.98119	 64.48234	 150.99501
 451	1	 93.32509	 35.56429	 48.08536
 452	1	 148.44891	 69.38545	 242.96138
 453	1	 320.95660	 116.71223	 29.92042
 454	1	 233.88329	 89.33333	 46.93661
 455	1	 221.90561	 112.66638	 152.20682
 456	1	 35.14487	 111.83014	 237.21537
 457	1	 322.10521	 135.27761	 176.63795
 458	1	 142.55478	 114.93138	 29.27407
 459	1	 51.50167	 91.35360	 227.44894
 460	1	 146.80944	 46.39920	 87.65867
 461	1	 44.35837	 114.09477	 243.83783
 462	1	 41.70095	 71.42436	 116.40935
 463	1	 325.95075	 72.69182	 62.87929
 464	1	 267.83817	 37.33559	 314.18891
 465	1	 217.83319	 60.23563	 120.68544
 466	1	 278.27617	 31.13479	 40.80858
 467	1	 217.46471	 47.21352	 181.57227
 468	1	 215.99279	 113.36917	 250.67604
 469	1	 328.31188	 45.58006	 268.98168
 470	1	 137.81885	 111.95250	 25.93617
 471	1	 87.72221	 33.54166	 314.68739
 472	1	 38.57071	 60.34695	 118.07660
 473	1	 279.33509	 144.75113	 40.86469
 474	1	 43.09627	 114.16736	 245.65362
 475	1	 322.71368	 119.01876	 301.06065
 476	1	 149.60246	 47.74276	 4.93888
 477	1	 89.55888	 139.83319	 145.44449
 478	1	 320.01682	 68.29404	 147.82091
 479	1	 323.34772	 132.46053	 179.59575
 480	1	 212.76768	 43.41514	 83.68390
 481	1	 272.07663	 34.27339	 43.40900
 482	1	 213.58155	 137.21238	 177.29615
 483	1	 138.24710	 122.72690	 117.52136
 484	1	 37.53670	 65.64325	 296.47677
 485	1	 317.62144	 66.44756	 242.34361
 486	1	 221.81601	 116.15095	 245.12407
 487	1	 36.44132	 46.74077	 268.68033
 488	1	 269.05786	 150.65989	 316.81078
 489	1	 129.40936	 90.22838	 43.25043
 490	1	 215.88817	 48.43678	 184.13193
 491	1	 148.24134	 115.49122	 206.80186
 492	1	 267.02792	 151.90843	 131.21534
 493	1	 216.24824	 117.76926	 148.36097
 494	1	 55.51622	 92.52662	 47.67415
 495	1	 305.89081	 86.53060	 225.96164
 496	1	 144.41265	 67.50641	 150.86232
 497	1	 140.33300	 68.93666	 332.28593
 498	1	 271.14758	 141.70846	 129.26936
 499	1	 144.75760	 115.65110	 115.06539
 500	1	 268.43146	 147.23295	 317.71274
 501	1	 266.80971	 34.82192	 311.01907
 502	1	 272.64408	 148.51931	 43.79769
 503	1	 270.74176	 146.30753	 313.30453
 504	1	 323.09243	 58.68576	 158.37712
 505	1	 83.51977	 146.10770	 309.55047
 506	1	 331.53142	 64.82511	 64.82057
 507	1	 263.29010	 34.30017	 41.97972
 508	1	 317.18275	 64.12699	 331.05630
 509	1	 134.51044	 117.49608	 299.46008
 510	1	 143.70670	 62.52104	 69.70795
 511	1	 34.87207	 42.35941	 89.02638
 512	1	 325.18967	 63.15699	 247.84519
 513	1	 34.00524	 121.21601	 241.65259
 514	1	 123.99059	 89.99358	 132.59578
 515	1	 30.96225	 39.67051	 90.11096
 516	1	 92.87427	 153.76565	 137.30985
 517	1	 219.24383	 121.88731	 59.79245
 518	1	 91.03785	 34.78650	 128.59836
 519	1	 264.97378	 147.64630	 313.80681
 520	1	 322.31144	 135.91113	 267.17125
 521	1	 271.91124	 142.82152	 313.38320
 522	1	 140.99749	 136.47793	 186.73286
 523	1	 317.49050	 68.03039	 63.91553
 524	1	 55.75276	 90.54760	 314.81187
 525	1	 44.62933	 112.82440	 244.87350
 526	1	 141.21074	 111.53522	 21.19848
 527	1	 42.87929	 65.99971	 297.27498
 528	1	 58.20028	 88.66424	 135.99901
 529	1	 326.06911	 123.61678	 119.49855
 530	1	 92.63102	 36.78668	 44.04084
 531	1	 327.50182	 134.78592	 88.76671
 532	1	 92.49972	 149.93282	 224.19052
 533	1	 212.71988	 134.49249	 93.28581
 534	1	 93.77090	 141.75356	 138.21422
 535	1	 94.30643	 29.69524	 126.11347
 536	1	 44.95885	 71.75026	 293.31873
 537	1	 266.64340	 34.70537	 138.17275
 538	1	 40.63875	 113.21308	 158.56962
 539	1	 327.06313	 116.94155	 116.75768
 540	1	 237.70795	 97.07937	 134.28587
 541	1	 122.47046	 94.10456	 321.52195
 542	1	 268.93725	 149.08673	 44.86136
 543	1	 36.30740	 111.19452	 238.70824
 544	1	 90.10439	 150.35391	 221.62056
 545	1	 218.69896	 110.78214	 336.97986
 546	1	 136.77190	 116.19481	 22.65793
 547	1	 215.28727	 112.81770	 248.36209
 548	1	 44.57713	 63.00677	 117.73668
 549	1	 265.34902	 130.34336	 322.91651
 550	1	 95.84157	 36.74924	 230.99186
 551	1	 88.13782	 139.98317	 314.05240
 552	1	 39.00559	 65.59834	 210.86908
 553	1	 220.24085	 67.86264	 111.80647
 554	1	 316.49153	 107.89455	 209.19212
 555	1	 306.61038	 87.34837	 316.96030
 556	1	 124.68919	 92.43083	 317.35272
 557	1	 259.94527	 143.52397	 311.93155
 558	1	 41.93401	 114.40960	 68.12345
 559	1	 270.89424	 148.57875	 314.51410
 560	1	 304.70869	 91.20477	 316.25335
 561	1	 138.81772	 115.99207	 206.71526
 562	1	 271.60661	 140.77811	 41.62112
 563	1	 275.53071	 146.00569	 132.36031
 564	1	 136.54513	 116.92570	 202.69716
 565	1	 39.19882	 121.44674	 149.69097
 566	1	 38.62791	 45.94115	 359.55456
 567	1	 81.69643	 34.37747	 224.17333
 568	1	 268.26569	 147.57991	 316.49446
 569	1	 93.97377	 139.90942	 136.27931
 570	1	 266.92437	 141.45026	 38.84890
 571	1	 41.51935	 116.80623	 146.25909
 572	1	 324.79738	 58.49895	 242.79324
 573	1	 95.47675	 34.20692	 38.93097
 574	1	 140.45567	 112.42662	 116.98965
 575	1	 271.39432	 40.11829	 318.60828
 576	1	 213.31291	 133.09859	 357.31970
 577	1	 320.20949	 134.80217	 268.63031
 578	1	 88.88855	 33.42149	 131.63995
 579	1	 323.56468	 46.27661	 184.31939
 580	1	 140.71398	 68.75671	 66.77947
 581	1	 34.02619	 136.70244	 1.43498
 582	1	 268.58645	 34.80053	 42.04084
 583	1	 220.06948	 120.51806	 243.34232
 584	1	 139.42697	 68.39893	 241.84769
 585	1	 320.84551	 65.95972	 58.86706
 586	1	 322.88683	 111.54233	 26.93247
 587	1	 269.91960	 145.47381	 228.92763
 588	1	 141.75206	 117.78568	 299.05739
 589	1	 46.62703	 111.08745	 245.34814
 590	1	 37.91255	 46.97289	 266.51262
 591	1	 42.73066	 70.60608	 204.28885
 592	1	 36.26643	 60.78015	 24.62412
 593	1	 313.48172	 65.12968	 332.22358
 594	1	 227.64044	 65.06221	 29.36447
 595	1	 142.68455	 68.00871	 155.68684
 596	1	 36.16673	 115.38897	 61.56299
 597	1	 95.08749	 146.03952	 227.17773
 598	1	 214.52669	 66.98666	 31.84047
 599	1	 85.88379	 30.14953	 143.25841
 600	1	 316.80900	 59.33583	 62.54077
 601	1	 326.87014	 63.85260	 63.33775
 602	1	 216.14294	 42.37262	 266.39567
 603	1	 31.30538	 46.05362	 90.71319
 604	1	 35.69936	 112.87379	 154.15276
 605	1	 223.60272	 110.86693	 237.28290
 606	1	 144.64820	 62.47213	 151.47462
 607	1	 145.61592	 41.32531	 268.33530
 608	1	 31.82945	 134.49837	 176.14525
 609	1	 319.82437	 63.68704	 145.62870
 610	1	 233.70017	 89.70619	 221.75721
 611	1	 85.19495	 145.71605	 225.79701
 612	1	 138.78481	 66.69509	 158.64847
 613	1	 35.80281	 135.17242	 269.37090
 614	1	 215.71483	 119.42068	 333.88074
 615	1	 275.92185	 143.15630	 49.18864
 616	1	 91.65497	 29.69425	 308.52757
 617	1	 321.10132	 110.97948	 113.38560
 618	1	 272.46922	 140.35169	 224.34935
 619	1	 145.45705	 68.37086	 60.26850
 620	1	 269.85001	 29.05106	 130.20471
 621	1	 268.55441	 151.17604	 310.75790
 622	1	 42.58298	 111.81330	 242.49640
 623	1	 217.18564	 64.93016	 211.41665
 624	1	 38.77914	 63.66297	 210.96418
 625	1	 83.00585	 150.04868	 134.27168
 626	1	 124.26495	 90.01161	 136.42949
 627	1	 277.27132	 32.36357	 133.60871
 628	1	 269.31218	 143.22790	 320.86339
 629	1	 323.71287	 116.09740	 29.26008
 630	1	 232.31780	 90.57650	 47.95607
 631	1	 211.11836	 61.63653	 209.53580
 632	1	 145.91394	 65.21700	 153.61427
 633	1	 145.49779	 48.00361	 271.18584
 634	1	 316.29373	 68.42063	 342.25432
 635	1	 90.22103	 31.02504	 317.73269
 636	1	 146.12075	 46.96918	 92.93790
 637	1	 84.38116	 142.90124	 324.35038
 638	1	 214.47369	 114.76490	 330.26297
 639	1	 86.35030	 134.94235	 309.84845
 640	1	 46.40332	 113.36351	 327.67147
 641	1	 41.15917	 67.89504	 34.19547
 642	1	 35.98647	 120.66858	 239.58710
 643	1	 39.79741	 112.76215	 241.86544
 644	1	 35.46045	 139.50115	 357.79421
 645	1	 53.71189	 91.11809	 137.74479
 646	1	 94.11987	 40.46980	 136.95031
 647	1	 268.58511	 31.47995	 311.36565
 648	1	 35.52627	 105.88354	 150.81787
 649	1	 43.99639	 112.87998	 253.62528
 650	1	 139.27172	 64.00413	 244.89630
 651	1	 215.67737	 65.22443	 116.40777
 652	1	 34.26082	 114.29761	 327.52708
 653	1	 141.84635	 110.29852	 207.75800
 654	1	 326.15472	 135.12372	 5.07436
 655	1	 145.28338	 135.36631	 99.01289
 656	1	 213.93919	 137.56645	 179.48144
 657	1	 140.35256	 123.82452	 295.60674
 658	1	 129.34939	 89.56831	 43.21142
 659	1	 326.82579	 66.51070	 155.28650
 660	1	 41.71630	 118.38995	 70.93906
 661	1	 83.19251	 26.34543	 224.48084
 662	1	 40.13484	 66.92377	 37.00143
 663	1	 215.62721	 64.45705	 110.38647
 664	1	 89.08575	 140.43014	 219.23547
 665	1	 50.28895	 110.89689	 248.75055
 666	1	 223.69559	 113.67452	 65.91015
 667	1	 140.93075	 60.29189	 157.34348
 668	1	 40.66439	 63.14433	 295.32056
 669	1	 138.11634	 113.00237	 23.37043
 670	1	 314.00231	 69.03973	 244.13123
 671	1	 56.57246	 90.29989	 316.33436
 672	1	 133.48395	 109.87713	 210.86393
 673	1	 88.18384	 35.75121	 37.12339
 674	1	 320.52604	 63.55887	 152.09954
 675	1	 321.78242	 69.51416	 332.92127
 676	1	 316.62909	 113.20856	 296.08311
 677	1	 125.59360	 92.36596	 132.46339
 678	1	 277.23716	 36.94085	 311.89492
 679	1	 139.18939	 111.88576	 22.74327
 680	1	 88.04443	 42.42113	 317.40408
 681	1	 94.45518	 148.72810	 320.04089
 682	1	 94.11479	 144.64790	 222.93710
 683	1	 272.84641	 32.07877	 51.06689
 684	1	 85.95438	 33.07669	 52.94001
 685	1	 216.91218	 69.32812	 22.30892
 686	1	 220.52432	 67.50852	 205.36764
 687	1	 320.57301	 119.33296	 285.21547
 688	1	 43.35323	 118.63741	 150.72922
 689	1	 37.86412	 66.27530	 22.35703
 690	1	 39.46015	 118.91228	 337.38813
 691	1	 90.77697	 144.86108	 138.40437
 692	1	 137.95937	 57.61009	 161.40028
 693	1	 209.31696	 138.32031	 267.41158
 694	1	 44.63838	 64.93607	 202.42536
 695	1	 142.17942	 63.28021	 331.97685
 696	1	 141.51535	 64.57387	 240.23526
 697	1	 221.31030	 69.89370	 201.10842
 698	1	 270.57039	 146.83091	 137.02566
 699	1	 213.94377	 70.69829	 211.44652
 700	1	 144.78354	 117.66196	 288.81787
 701	1	 32.28460	 111.53269	 152.57211
 702	1	 324.33116	 117.28535	 210.16507
 703	1	 301.37033	 92.24239	 45.60092
 704	1	 43.61796	 63.47872	 199.98182
 705	1	 218.83624	 64.45642	 115.36360
 706	1	 268.72934	 34.70830	 321.34127
 707	1	 90.51455	 138.92682	 221.27590
 708	1	 91.61964	 136.99801	 315.63873
 709	1	 88.63752	 140.32476	 129.88088
 710	1	 39.40240	 66.66827	 301.26863
 711	1	 266.90837	 38.28536	 39.10796
 712	1	 147.11084	 118.67820	 293.19650
 713	1	 328.45321	 64.24760	 323.71499
 714	1	 94.40366	 143.87532	 134.40551
 715	1	 318.75281	 64.31499	 68.16463
 716	1	 321.29904	 105.38838	 292.45387
 717	1	 93.25315	 35.60788	 134.89829
 718	1	 30.82371	 68.11049	 295.19724
 719	1	 275.24508	 33.89417	 127.32104
 720	1	 271.74665	 147.59237	 318.46433
 721	1	 219.63722	 63.39103	 24.67528
 722	1	 269.03429	 41.47527	 43.39119
 723	1	 221.20838	 115.39665	 334.06520
 724	1	 219.64189	 116.39595	 330.40389
 725	1	 96.85756	 143.50898	 47.08557
 726	1	 37.03237	 115.39426	 242.71091
 727	1	 122.86115	 88.72542	 129.92241
 728	1	 47.42234	 58.24804	 26.16670
 729	1	 317.51018	 69.60827	 62.96902
 730	1	 325.33647	 66.62870	 147.97132
 731	1	 86.96581	 32.76131	 144.59121
 732	1	 323.72532	 69.11190	 151.88661
 733	1	 317.37168	 114.55034	 115.26211
 734	1	 138.21584	 72.55667	 154.42756
 735	1	 223.18403	 112.24646	 329.60961
 736	1	 301.04723	 95.90878	 138.34172
 737	1	 36.42130	 110.13736	 160.16108
 738	1	 38.37821	 73.18358	 33.95383
 739	1	 89.64535	 39.33913	 47.82093
 740	1	 44.04256	 110.90200	 238.06746
 741	1	 35.76535	 60.87304	 207.94489
 742	1	 214.90655	 62.93175	 116.96985
 743	1	 219.78765	 114.49713	 332.01444
 744	1	 322.75380	 60.16945	 155.86493
 745	1	 40.32910	 119.96591	 333.83056
 746	1	 213.49481	 72.71267	 206.81489
 747	1	 91.71467	 142.95514	 46.02922
 748	1	 219.75539	 108.41457	 53.93470
 749	1	 142.89203	 65.89516	 69.13677
 750	1	 213.45647	 43.88809	 272.16109
 751	1	 213.77843	 40.22446	 273.34164
 752	1	 238.80934	 93.60419	 44.01667
 753	1	 320.10451	 120.52460	 20.37225
 754	1	 88.94693	 144.83684	 134.52148
 755	1	 131.41641	 110.08059	 296.02843
 756	1	 136.72388	 110.45613	 121.90328
 757	1	 32.47644	 115.34513	 56.13268
 758	1	 211.70496	 118.07851	 75.19209
 759	1	 133.38829	 67.21044	 235.87441
 760	1	 214.91707	 114.82712	 328.92279
 761	1	 145.78459	 65.58173	 331.56761
 762	1	 92.30695	 142.86694	 313.36950
 763	1	 271.50192	 150.18158	 223.03936
 764	1	 36.06106	 42.11177	 176.87804
 765	1	 225.68905	 61.84631	 116.23644
 766	1	 96.24231	 29.15894	 138.77535
 767	1	 274.31760	 151.75835	 228.72247
 768	1	 321.33708	 117.55638	 211.55174
 769	1	 136.23230	 111.76416	 298.76477
 770	1	 266.65077	 33.29433	 45.31082
 771	1	 326.57382	 60.82880	 63.83565
 772	1	 94.06518	 36.17502	 223.09958
 773	1	 87.30897	 139.27357	 47.50322
 774	1	 128.54803	 85.86131	 226.99233
 775	1	 270.89582	 142.59302	 224.38638
 776	1	 33.91234	 113.01643	 330.02231
 777	1	 330.56201	 116.66093	 120.20633
 778	1	 219.95012	 112.02694	 331.96663
 779	1	 216.73552	 66.62137	 204.63219
 780	1	 141.15475	 115.01620	 208.54893
 781	1	 123.28799	 93.06619	 218.93152
 782	1	 39.77890	 116.37871	 244.78434
 783	1	 219.90064	 61.58958	 109.76710
 784	1	 222.49728	 112.49872	 152.95424
 785	1	 276.10320	 145.51690	 138.34796
 786	1	 33.90791	 66.98790	 27.10927
 787	1	 141.97637	 120.50120	 23.83965
 788	1	 42.42235	 114.44194	 250.05935
 789	1	 217.43424	 65.91833	 17.92358
 790	1	 266.73105	 145.34439	 136.92483
 791	1	 150.51129	 62.82073	 243.83524
 792	1	 35.70356	 46.99132	 181.49594
 793	1	 317.34267	 62.35541	 241.37224
 794	1	 133.91182	 61.95278	 247.40819
 795	1	 85.65436	 36.71940	 313.25281
 796	1	 329.19086	 44.28704	 266.56736
 797	1	 52.20541	 83.87029	 128.97817
 798	1	 213.33921	 136.14376	 187.91653
 799	1	 224.47278	 61.51230	 111.27393
 800	1	 322.98115	 136.68903	 86.90948
 801	1	 139.54956	 119.42950	 27.49461
 802	1	 142.88242	 114.05892	 27.97311
 803	1	 144.58379	 68.25285	 243.29720
 804	1	 37.32400	 113.60777	 152.02814
 805	1	 221.96847	 114.53376	 66.94614
 806	1	 265.41229	 143.34644	 229.18284
 807	1	 127.70458	 93.01604	 225.37605
 808	1	 223.36999	 112.75679	 148.99163
 809	1	 321.42999	 41.52359	 178.69019
 810	1	 266.96442	 147.15106	 319.58472
 811	1	 142.83568	 64.85482	 59.17772
 812	1	 54.65080	 87.99257	 45.20140
 813	1	 221.95180	 108.16871	 337.96109
 814	1	 41.63088	 64.11454	 116.27650
 815	1	 37.21065	 48.12703	 180.87494
 816	1	 25.95396	 115.64510	 244.05726
 817	1	 94.94370	 31.72648	 134.07382
 818	1	 144.47526	 69.39749	 240.78670
 819	1	 143.30864	 67.45278	 56.24093
 820	1	 136.27036	 112.87376	 207.02253
 821	1	 305.73689	 84.69318	 134.34586
 822	1	 38.86163	 67.11379	 117.51900
 823	1	 50.36914	 90.72929	 317.38018
 824	1	 140.40381	 64.30542	 146.47494
 825	1	 232.40423	 89.50810	 134.29832
 826	1	 322.15714	 40.22531	 0.75997
 827	1	 321.54601	 68.42957	 242.26291
 828	1	 215.11018	 113.28601	 160.20878
 829	1	 82.89665	 141.46402	 219.67475
 830	1	 213.53544	 118.06131	 241.14251
 831	1	 34.29297	 115.29207	 245.30299
 832	1	 44.28102	 113.43784	 156.36419
 833	1	 321.36954	 63.84535	 337.04417
 834	1	 88.19504	 33.93715	 46.78099
 835	1	 91.51404	 140.68335	 320.07004
 836	1	 222.67628	 114.99364	 327.96858
 837	1	 91.84867	 141.10653	 43.89509
 838	1	 323.53423	 44.80927	 91.11150
 839	1	 139.91842	 111.42692	 118.47156
 840	1	 214.18878	 114.02634	 67.74083
 841	1	 214.20584	 62.63645	 114.68396
 842	1	 36.49740	 74.70732	 28.04217
 843	1	 33.72335	 133.80922	 0.77125
 844	1	 224.42637	 62.16679	 26.24246
 845	1	 138.87997	 61.67504	 153.65541
 846	1	 138.79754	 111.08798	 296.42884
 847	1	 272.60150	 41.11305	 144.01194
 848	1	 270.83604	 143.55593	 229.51393
 849	1	 316.28142	 62.29815	 247.25666
 850	1	 326.09342	 121.27710	 124.46089
 851	1	 273.75022	 35.03672	 129.07125
 852	1	 89.65324	 43.51263	 316.10326
 853	1	 215.46917	 59.74262	 16.51086
 854	1	 274.46444	 30.84162	 310.51243
 855	1	 211.36739	 135.13600	 92.38584
 856	1	 300.24337	 95.71140	 225.27374
 857	1	 320.28985	 115.61852	 202.50130
 858	1	 132.36419	 114.40462	 121.04208
 859	1	 216.36245	 60.53714	 201.76256
 860	1	 88.98778	 140.13285	 37.53769
 861	1	 138.58638	 63.96931	 144.92109
 862	1	 95.60880	 36.00032	 48.27843
 863	1	 218.59204	 111.05131	 65.95506
 864	1	 227.06175	 72.48765	 209.19433
 865	1	 40.63352	 107.81610	 60.76883
 866	1	 43.75695	 113.23639	 56.30572
 867	1	 267.39472	 145.45134	 133.61629
 868	1	 319.29746	 111.01486	 118.70505
 869	1	 320.86686	 59.31908	 241.06326
 870	1	 40.11438	 106.72273	 59.82664
 871	1	 95.11325	 142.13124	 137.59233
 872	1	 220.78808	 110.41931	 331.08994
 873	1	 266.72543	 146.20056	 45.18028
 874	1	 217.22503	 122.41856	 153.30469
 875	1	 90.22398	 141.92443	 239.13629
 876	1	 217.05776	 112.93102	 66.20335
 877	1	 93.19289	 32.08696	 227.24167
 878	1	 316.22039	 64.81602	 151.55676
 879	1	 300.98573	 91.61740	 53.62628
 880	1	 91.81224	 148.59668	 220.33138
 881	1	 220.89619	 130.62738	 357.70075
 882	1	 39.36459	 79.66462	 198.39663
 883	1	 225.46510	 62.38133	 111.49534
 884	1	 318.29839	 69.23257	 248.29141
 885	1	 224.46290	 66.30598	 208.70224
 886	1	 216.79462	 52.22995	 186.65476
 887	1	 136.18188	 114.71969	 204.30198
 888	1	 39.21976	 113.74262	 146.76950
 889	1	 122.61068	 87.20741	 221.57323
 890	1	 325.61947	 41.20522	 359.97887
 891	1	 90.79802	 35.06423	 138.27563
 892	1	 215.61930	 112.01664	 245.74198
 893	1	 88.80354	 144.46908	 218.37341
 894	1	 326.59095	 112.54279	 116.74816
 895	1	 322.51501	 68.24260	 65.89270
 896	1	 39.99529	 110.00986	 64.73705
 897	1	 141.58291	 113.54577	 118.94142
 898	1	 35.69291	 59.37793	 301.99843
 899	1	 218.84536	 122.64361	 244.49261
 900	1	 296.52857	 91.61415	 313.76043
 901	1	 44.28394	 111.72466	 333.12405
 902	1	 137.47219	 69.36100	 322.60435
 903	1	 82.58417	 44.78228	 320.12717
 904	1	 268.43034	 39.25828	 221.91494
 905	1	 119.43504	 84.81266	 224.80068
 906	1	 317.62499	 68.67175	 336.20097
 907	1	 233.95179	 91.58826	 125.01046
 908	1	 143.78861	 120.28787	 201.14191
 909	1	 145.01559	 66.97898	 156.47371
 910	1	 219.85988	 109.62870	 59.46010
 911	1	 266.74300	 28.15068	 318.30547
 912	1	 88.40959	 32.38622	 314.33596
 913	1	 85.79509	 41.25612	 131.20150
 914	1	 223.50149	 117.95663	 241.32310
 915	1	 271.22035	 144.71581	 316.08192
 916	1	 146.19674	 42.53047	 267.77340
 917	1	 322.45415	 112.74303	 211.40040
 918	1	 86.39464	 148.21423	 136.80211
 919	1	 51.86741	 90.01438	 133.72495
 920	1	 30.85438	 135.00834	 181.28443
 921	1	 328.25374	 137.25637	 87.16402
 922	1	 37.22231	 48.54802	 186.70827
 923	1	 213.85327	 70.20495	 212.94813
 924	1	 92.68163	 149.51252	 319.92789
 925	1	 85.27826	 151.34893	 227.75084
 926	1	 137.62872	 105.78502	 123.51952
 927	1	 145.42140	 66.18139	 334.75704
 928	1	 321.28229	 113.32869	 294.40637
 929	1	 218.64100	 61.62447	 297.81337
 930	1	 321.01822	 116.07358	 26.02134
 931	1	 30.82727	 133.65129	 268.40432
 932	1	 271.43004	 31.19281	 312.82479
 933	1	 275.65350	 42.92781	 224.98067
 934	1	 215.25927	 70.08343	 204.07274
 935	1	 121.73361	 91.43160	 313.32052
 936	1	 121.90206	 87.51623	 318.21592
 937	1	 219.98298	 73.22765	 29.59867
 938	1	 141.69896	 117.38046	 205.08453
 939	1	 90.37040	 37.61538	 49.02342
 940	1	 215.19571	 117.86252	 155.19229
 941	1	 97.70311	 143.75499	 133.94482
 942	1	 215.66749	 70.65196	 295.50843
 943	1	 308.78359	 89.12625	 220.39840
 944	1	 224.68344	 64.36448	 21.51894
 945	1	 217.87141	 61.15984	 110.85623
 946	1	 147.48263	 135.39968	 270.78715
 947	1	 213.66330	 133.96644	 358.83470
 948	1	 34.23040	 61.68208	 208.36982
 949	1	 266.42578	 41.46892	 132.31822
 950	1	 140.67444	 58.97140	 160.14270
 951	1	 124.83706	 90.83393	 126.78486
 952	1	 217.43352	 112.43365	 160.77987
 953	1	 269.49456	 149.06315	 226.00815
 954	1	 322.15510	 67.71044	 62.17664
 955	1	 144.70095	 118.67376	 109.79563
 956	1	 38.07660	 62.54292	 119.35238
 957	1	 323.68052	 134.86050	 358.81502
 958	1	 315.93067	 65.79411	 154.96127
 959	1	 272.60681	 30.01259	 221.87080
 960	1	 91.00578	 39.74901	 221.59967
 961	1	 210.44752	 46.40371	 84.38412
 962	1	 141.17043	 65.02507	 59.52414
 963	1	 44.76533	 63.78992	 207.00718
 964	1	 87.11296	 147.15546	 134.04416
 965	1	 57.79986	 89.77032	 315.54776
 966	1	 322.14739	 135.77214	 177.64779
 967	1	 210.24638	 47.99174	 179.71636
 968	1	 302.95242	 91.48747	 40.82680
 969	1	 91.71183	 29.18778	 226.41474
 970	1	 145.92675	 63.09487	 334.00426
 971	1	 90.50960	 147.30543	 312.25236
 972	1	 316.11929	 67.33444	 336.61344
 973	1	 87.55693	 146.70638	 131.51079
 974	1	 266.03527	 155.43961	 317.94194
 975	1	 33.08280	 134.57754	 179.67639
 976	1	 34.79892	 50.65858	 88.66808
 977	1	 319.21176	 113.04971	 200.97710
 978	1	 316.50770	 115.62802	 203.87176
 979	1	 46.09815	 65.98852	 31.02468
 980	1	 215.20663	 50.35665	 178.26068
 981	1	 317.24532	 117.90227	 113.60859
 982	1	 277.34901	 148.69934	 215.59022
 983	1	 53.73572	 89.76722	 42.77976
 984	1	 220.34938	 115.29015	 242.47834
 985	1	 271.10219	 147.92206	 135.97245
 986	1	 146.17231	 132.81251	 180.68469
 987	1	 139.43476	 110.75849	 117.45723
 988	1	 220.34566	 109.51287	 343.38521
 989	1	 267.00486	 34.44429	 131.08736
 990	1	 318.25465	 109.93769	 117.99516
 991	1	 319.07232	 114.75494	 23.85617
 992	1	 276.09131	 34.64689	 47.92257
 993	1	 320.08806	 65.30766	 62.94880
 994	1	 310.04000	 87.95662	 135.01882
 995	1	 32.45851	 139.39685	 358.55470
 996	1	 216.37395	 118.12556	 333.02758
 997	1	 94.99683	 135.73190	 224.43174
 998	1	 142.26799	 66.29795	 243.20324
 999	1	 97.82180	 29.21571	 139.80902
1000	1	 36.72202	 110.98945	 151.69299
