   1	1	 146.92723	 134.46049	 358.80200
   2	1	 145.66602	 131.37877	 177.97587
   3	1	 322.49951	 133.67105	 176.31533
   4	1	 333.14055	 142.28707	 180.84000
   5	1	 236.97693	 145.55265	 25.33519
   6	1	 322.01325	 49.50947	 185.75157
   7	1	 147.80206	 132.11061	 359.73959
   8	1	 145.17777	 49.15481	 177.67305
   9	1	 236.86144	 87.67760	 313.54067
  10	1	 145.84512	 40.53780	 359.12423
  11	1	 64.86532	 143.94565	 23.94961
  12	1	 302.31522	 97.72555	 312.76971
  13	1	 245.84955	 144.06873	 223.02094
  14	1	 327.05339	 44.61092	 98.18603
  15	1	 37.58422	 41.88774	 273.22008
  16	1	 117.63404	 89.33976	 315.67248
  17	1	 50.77204	 87.99234	 225.39688
  18	1	 31.12444	 135.56744	 179.93390
  19	1	 57.63195	 51.55429	 23.33900
  20	1	 124.03829	 144.55018	 350.61514
  21	1	 127.85091	 108.38244	 32.38163
  22	1	 145.34407	 47.83933	 94.48722
  23	1	 13.11713	 71.74923	 46.42673
  24	1	 319.84118	 134.50971	 2.24326
  25	1	 45.18619	 92.41051	 226.29193
  26	1	 217.71155	 132.92960	 356.12361
  27	1	 33.94705	 139.76974	 267.31897
  28	1	 53.31394	 89.69297	 225.36133
  29	1	 237.61281	 33.80676	 333.81021
  30	1	 309.09002	 106.94783	 213.53641
  31	1	 326.04325	 136.95587	 4.41201
  32	1	 31.12494	 47.81788	 269.31955
  33	1	 141.06630	 136.03930	 92.59299
  34	1	 216.55565	 135.76656	 214.78698
  35	1	 126.10058	 106.91710	 123.23870
  36	1	 148.21564	 53.59874	 72.48366
  37	1	 126.31423	 76.16697	 328.39031
  38	1	 216.70456	 132.68724	 94.99359
  39	1	 4.51510	 51.55932	 61.02393
  40	1	 127.72206	 19.69319	 75.87131
  41	1	 333.54679	 126.03998	 2.69910
  42	1	 110.96836	 9.89998	 247.79848
  43	1	 235.84084	 1.85419	 203.13546
  44	1	 144.32768	 46.84209	 98.63984
  45	1	 302.51873	 36.06412	 114.33658
  46	1	 118.07502	 93.85454	 322.02057
  47	1	 36.61036	 137.34680	 268.33103
  48	1	 215.09070	 139.39564	 93.10331
  49	1	 138.48396	 135.18240	 3.34871
  50	1	 214.07805	 139.78391	 175.70175
  51	1	 323.25017	 132.95616	 181.12571
  52	1	 36.46965	 42.35273	 89.43457
  53	1	 320.82812	 135.64202	 267.85770
  54	1	 125.00683	 105.92133	 216.10587
  55	1	 215.39794	 133.71460	 278.73057
  56	1	 211.51564	 132.20346	 0.88426
  57	1	 128.44464	 135.84593	 0.01057
  58	1	 29.69223	 58.41867	 284.96925
  59	1	 61.83844	 153.06730	 193.00014
  60	1	 343.82643	 175.47965	 160.98652
  61	1	 52.11642	 89.71258	 48.34502
  62	1	 126.58780	 110.27184	 304.02690
  63	1	 66.65556	 98.30343	 112.65319
  64	1	 142.44479	 135.54198	 274.88490
  65	1	 53.62875	 88.63933	 222.72256
  66	1	 122.93124	 141.72765	 151.93036
  67	1	 56.22603	 144.46584	 116.27486
  68	1	 139.89410	 134.64862	 2.38919
  69	1	 51.79587	 91.73841	 278.16587
  70	1	 308.91553	 100.01108	 304.80964
  71	1	 36.75845	 135.47169	 89.23569
  72	1	 54.29808	 87.57482	 39.55167
  73	1	 308.49299	 85.73563	 220.51313
  74	1	 126.18059	 84.85527	 134.63816
  75	1	 39.06294	 40.83734	 2.70511
  76	1	 208.80043	 48.08522	 90.72416
  77	1	 35.99581	 133.02283	 88.03537
  78	1	 334.13772	 37.70355	 269.10150
  79	1	 216.15089	 142.42246	 2.32946
  80	1	 201.58591	 162.97917	 269.15200
  81	1	 139.67569	 45.73811	 186.09277
  82	1	 325.83727	 48.05530	 267.24743
  83	1	 211.21741	 137.39371	 3.44841
  84	1	 62.33724	 15.30180	 247.52860
  85	1	 147.13873	 56.78731	 253.87618
  86	1	 55.50229	 94.62128	 228.73568
  87	1	 37.15330	 132.52453	 356.99414
  88	1	 34.45702	 40.80850	 179.83774
  89	1	 215.40209	 47.47986	 88.47897
  90	1	 235.91885	 86.78169	 231.76614
  91	1	 326.68988	 132.00282	 181.17783
  92	1	 58.55075	 83.41040	 40.17777
  93	1	 128.28083	 90.21510	 231.14979
  94	1	 303.18387	 87.40271	 227.57321
  95	1	 209.85226	 134.13337	 181.83688
  96	1	 213.81782	 47.55178	 356.60644
  97	1	 325.39440	 40.80477	 181.19971
  98	1	 306.45316	 84.86234	 48.68112
  99	1	 209.79111	 135.15520	 184.00427
 100	1	 231.63872	 94.90024	 48.95626
 101	1	 53.91684	 92.54891	 48.03276
 102	1	 60.00185	 86.24007	 226.09991
 103	1	 334.40442	 118.51708	 112.54121
 104	1	 219.71036	 87.09922	 182.56886
 105	1	 311.67775	 76.14752	 147.65527
 106	1	 300.73777	 76.29016	 331.09374
 107	1	 127.72505	 92.00798	 226.92430
 108	1	 327.57802	 40.99655	 93.33689
 109	1	 68.88727	 45.37306	 326.43784
 110	1	 355.21294	 95.26145	 304.11556
 111	1	 154.08016	 53.45622	 161.38924
 112	1	 144.92204	 134.36050	 88.31286
 113	1	 209.03184	 40.61744	 187.83513
 114	1	 283.30851	 78.73544	 4.33787
 115	1	 147.24652	 131.55100	 274.13643
 116	1	 304.45730	 89.09344	 131.31931
 117	1	 236.89566	 91.63537	 146.87053
 118	1	 303.80026	 40.23450	 27.39019
 119	1	 30.05733	 47.84020	 85.60660
 120	1	 60.81375	 146.47804	 25.74796
 121	1	 118.17012	 142.97619	 64.74529
 122	1	 306.87150	 74.53490	 57.31397
 123	1	 233.44723	 90.14098	 313.88170
 124	1	 149.07274	 43.77233	 268.35190
 125	1	 329.94272	 46.97456	 71.34675
 126	1	 129.31704	 88.25942	 225.65635
 127	1	 323.22841	 130.22041	 184.72408
 128	1	 235.60721	 137.91326	 26.09164
 129	1	 128.60814	 90.62643	 46.88703
 130	1	 238.55175	 22.00398	 337.86754
 131	1	 232.61515	 87.44179	 312.68751
 132	1	 25.43079	 39.06509	 308.15811
 133	1	 213.30395	 51.25353	 177.70263
 134	1	 127.73028	 91.62845	 133.87920
 135	1	 127.14723	 91.64207	 46.36906
 136	1	 143.76164	 135.77029	 90.84743
 137	1	 174.09598	 154.63742	 11.90249
 138	1	 223.42510	 137.66068	 244.58846
 139	1	 143.32900	 139.69958	 89.39287
 140	1	 127.28272	 102.85001	 214.25300
 141	1	 241.19163	 37.50182	 337.10333
 142	1	 236.35402	 85.44227	 225.98396
 143	1	 211.07308	 136.46109	 181.23885
 144	1	 148.88875	 88.27820	 169.20036
 145	1	 150.13723	 134.22514	 179.12422
 146	1	 332.10859	 128.41868	 93.17572
 147	1	 34.04739	 42.71934	 86.35755
 148	1	 122.31026	 86.50418	 225.07718
 149	1	 205.69439	 33.53501	 20.47437
 150	1	 57.58465	 34.62107	 65.21765
 151	1	 213.08797	 52.11306	 5.44617
 152	1	 209.39026	 132.84925	 357.08332
 153	1	 217.44582	 133.79176	 87.24620
 154	1	 307.23935	 106.74874	 32.51162
 155	1	 34.05940	 142.15942	 356.44028
 156	1	 214.35439	 134.77474	 356.75937
 157	1	 52.28832	 84.66988	 44.28142
 158	1	 148.45045	 140.69653	 358.41036
 159	1	 145.12291	 45.11849	 354.00583
 160	1	 261.46667	 13.19959	 287.15713
 161	1	 1.57279	 0.91617	 262.53817
 162	1	 52.55234	 55.32977	 326.53520
 163	1	 31.24869	 133.48564	 86.74860
 164	1	 148.17629	 133.69881	 91.14376
 165	1	 216.45090	 20.52064	 142.82777
 166	1	 165.04862	 21.33962	 185.11588
 167	1	 300.94717	 37.01523	 296.39883
 168	1	 90.18375	 56.25832	 42.39589
 169	1	 125.76146	 106.74113	 303.21900
 170	1	 325.74391	 44.17631	 82.57645
 171	1	 325.66903	 132.59960	 270.93079
 172	1	 292.55445	 37.69935	 301.18522
 173	1	 239.34844	 139.51285	 115.57489
 174	1	 215.65340	 43.98435	 93.42128
 175	1	 40.54911	 145.69202	 184.31524
 176	1	 125.16489	 91.52801	 44.17503
 177	1	 218.70853	 134.39888	 181.11945
 178	1	 341.78280	 23.06459	 9.90117
 179	1	 326.45595	 43.05350	 267.25187
 180	1	 233.66928	 93.75661	 40.60054
 181	1	 318.54014	 134.01637	 269.75747
 182	1	 330.89871	 136.53627	 2.78355
 183	1	 235.24177	 109.74682	 58.09708
 184	1	 244.05725	 89.40302	 319.53315
 185	1	 156.43195	 54.72377	 340.29611
 186	1	 326.37338	 41.38258	 274.20919
 187	1	 120.07232	 42.18474	 5.98930
 188	1	 127.70691	 106.23803	 122.72509
 189	1	 144.85374	 50.27851	 5.59592
 190	1	 57.79201	 94.22345	 47.68368
 191	1	 56.34556	 86.00192	 223.66621
 192	1	 105.78647	 36.98066	 309.44621
 193	1	 41.15836	 50.13176	 177.86859
 194	1	 52.76049	 86.93798	 136.32807
 195	1	 298.75987	 93.58629	 223.45991
 196	1	 120.15984	 102.27930	 74.94435
 197	1	 125.58030	 84.52470	 49.26644
 198	1	 232.98286	 88.77582	 36.03784
 199	1	 60.80337	 36.98277	 153.25990
 200	1	 326.62718	 43.88631	 179.15662
 201	1	 328.03630	 44.63414	 0.67262
 202	1	 209.77488	 119.54508	 75.29836
 203	1	 127.26757	 106.20891	 216.03575
 204	1	 291.88562	 172.73866	 73.85696
 205	1	 124.06477	 96.77844	 224.84795
 206	1	 308.89171	 75.95225	 145.80804
 207	1	 214.72942	 134.55707	 271.61584
 208	1	 239.49093	 38.53300	 334.97745
 209	1	 204.13452	 122.12573	 232.48042
 210	1	 125.61787	 106.20575	 304.57774
 211	1	 55.12065	 89.56157	 136.10133
 212	1	 247.63062	 145.99297	 32.25783
 213	1	 30.75647	 44.55886	 269.01958
 214	1	 236.42208	 92.83750	 39.34314
 215	1	 149.22985	 124.66747	 277.00336
 216	1	 137.95023	 125.16443	 68.45831
 217	1	 329.15383	 132.97443	 266.42315
 218	1	 221.54643	 167.24202	 309.00810
 219	1	 311.44196	 121.54893	 103.65250
 220	1	 303.84097	 92.67777	 44.95178
 221	1	 335.58857	 121.74478	 288.99087
 222	1	 36.47708	 140.07330	 78.42149
 223	1	 142.92508	 131.59070	 175.90772
 224	1	 205.32124	 118.11010	 253.93145
 225	1	 125.15766	 89.89763	 45.39664
 226	1	 50.38285	 158.44376	 235.13576
 227	1	 259.71920	 5.49877	 48.26399
 228	1	 38.67285	 136.17525	 87.79007
 229	1	 228.85444	 90.10934	 225.70263
 230	1	 325.04435	 45.48038	 349.39266
 231	1	 321.55006	 41.03313	 88.28261
 232	1	 326.70458	 135.94075	 182.67754
 233	1	 304.27951	 29.47490	 300.60421
 234	1	 277.32208	 138.33009	 74.93153
 235	1	 81.10901	 2.62482	 38.89090
 236	1	 57.76177	 143.63233	 26.29308
 237	1	 214.21057	 44.09619	 87.14811
 238	1	 234.40414	 140.53774	 30.03214
 239	1	 36.07801	 40.69524	 175.26837
 240	1	 301.40902	 91.45607	 51.17743
 241	1	 239.24863	 36.54355	 155.66311
 242	1	 210.76376	 52.09848	 1.79919
 243	1	 299.97452	 36.86516	 118.11423
 244	1	 39.47227	 137.33382	 265.00573
 245	1	 52.28632	 93.20346	 316.76797
 246	1	 142.42942	 133.40946	 175.79165
 247	1	 306.52235	 34.70253	 21.58309
 248	1	 334.89435	 120.78075	 288.61517
 249	1	 302.76262	 75.60276	 238.43796
 250	1	 227.22170	 91.30140	 230.29377
 251	1	 304.56388	 73.59850	 325.12653
 252	1	 120.21403	 101.95961	 53.53810
 253	1	 303.34846	 90.57907	 313.07926
 254	1	 26.17506	 123.74148	 68.51795
 255	1	 213.88330	 142.09059	 96.10985
 256	1	 57.91446	 84.03682	 315.62326
 257	1	 327.96968	 141.37120	 184.87608
 258	1	 358.34621	 128.80041	 260.94783
 259	1	 209.58296	 51.00389	 313.66722
 260	1	 222.38422	 134.80206	 274.92382
 261	1	 122.36360	 81.63691	 136.33758
 262	1	 125.60009	 74.81288	 149.21853
 263	1	 209.29651	 32.17813	 28.57468
 264	1	 331.41083	 123.72030	 106.42514
 265	1	 244.78531	 89.15536	 232.25923
 266	1	 181.09700	 127.41501	 248.38322
 267	1	 324.36758	 132.69725	 182.04236
 268	1	 223.67147	 132.52266	 90.06426
 269	1	 142.10267	 132.86653	 2.52289
 270	1	 212.68515	 40.62842	 90.65277
 271	1	 54.28184	 96.34201	 317.08728
 272	1	 305.43978	 90.16065	 225.93181
 273	1	 308.99174	 73.79597	 57.35131
 274	1	 330.05950	 134.51313	 177.78072
 275	1	 237.43262	 88.85262	 45.66558
 276	1	 55.73995	 90.14107	 317.08644
 277	1	 122.31653	 93.29972	 43.08539
 278	1	 330.39195	 120.87064	 284.46326
 279	1	 237.96397	 140.17347	 294.99715
 280	1	 325.32451	 45.72516	 95.14597
 281	1	 55.30781	 95.94048	 45.73733
 282	1	 129.01172	 85.21454	 313.07406
 283	1	 40.95713	 132.52750	 273.13441
 284	1	 54.83533	 33.96380	 243.81880
 285	1	 129.75686	 84.07932	 137.87360
 286	1	 120.92109	 86.64631	 221.60443
 287	1	 120.99854	 142.40895	 151.00429
 288	1	 306.88688	 91.99678	 219.97613
 289	1	 225.61939	 39.45373	 272.48766
 290	1	 35.47573	 49.84652	 91.96447
 291	1	 213.89664	 44.22623	 97.19757
 292	1	 147.21916	 136.40540	 263.34979
 293	1	 161.96410	 179.97355	 54.66759
 294	1	 238.13007	 88.04186	 53.38800
 295	1	 213.21676	 135.74693	 3.09539
 296	1	 117.94960	 155.58307	 86.76552
 297	1	 236.99918	 106.79863	 55.86465
 298	1	 215.31403	 138.35151	 181.23920
 299	1	 302.86527	 87.99299	 226.58108
 300	1	 307.08388	 104.94459	 214.83718
 301	1	 134.23838	 40.34729	 179.38070
 302	1	 235.13953	 42.95757	 280.67334
 303	1	 233.28210	 91.23360	 137.47575
 304	1	 212.03775	 133.90560	 2.98785
 305	1	 329.24617	 133.30270	 89.37250
 306	1	 25.63336	 41.75630	 2.99690
 307	1	 299.37346	 84.08927	 130.51590
 308	1	 233.45450	 88.69097	 319.51149
 309	1	 36.84413	 42.64445	 273.49791
 310	1	 221.71813	 137.76907	 1.85190
 311	1	 325.51478	 133.85327	 187.00687
 312	1	 321.00973	 150.46311	 235.40064
 313	1	 54.78407	 87.51496	 313.24948
 314	1	 104.73334	 79.25108	 94.04354
 315	1	 31.41080	 46.16028	 182.68080
 316	1	 273.94435	 139.77410	 3.99706
 317	1	 222.09474	 43.37668	 353.63610
 318	1	 37.97340	 130.38674	 277.65379
 319	1	 298.49770	 88.93238	 306.56096
 320	1	 233.60068	 106.55047	 233.85013
 321	1	 31.53892	 122.91566	 91.57863
 322	1	 59.08245	 40.68336	 332.68527
 323	1	 35.12704	 103.21751	 109.98749
 324	1	 29.59273	 129.82704	 49.13359
 325	1	 42.94521	 121.90600	 335.42539
 326	1	 236.21776	 33.88965	 242.68939
 327	1	 216.63055	 46.69450	 190.80053
 328	1	 128.51878	 79.67861	 234.54485
 329	1	 304.33434	 76.23618	 325.86621
 330	1	 20.38439	 95.37964	 262.14285
 331	1	 148.52537	 134.05362	 91.50744
 332	1	 231.40041	 81.38173	 48.12253
 333	1	 52.90811	 95.13248	 47.07542
 334	1	 33.00264	 132.45986	 356.64222
 335	1	 28.24042	 119.92076	 160.25207
 336	1	 150.91270	 57.01035	 341.20986
 337	1	 326.98542	 40.83179	 273.03690
 338	1	 77.16497	 73.89321	 31.31634
 339	1	 136.23588	 136.26225	 272.41662
 340	1	 86.12191	 35.22524	 94.32217
 341	1	 309.48197	 91.91090	 141.31837
 342	1	 221.78726	 41.06474	 3.99241
 343	1	 138.67965	 45.85158	 179.99128
 344	1	 33.21789	 44.29398	 0.18437
 345	1	 126.91576	 89.49683	 45.67232
 346	1	 54.61325	 39.01678	 61.34163
 347	1	 325.94371	 43.94637	 273.25479
 348	1	 234.67668	 34.68828	 242.26842
 349	1	 4.99760	 153.71252	 242.00103
 350	1	 316.91964	 136.28806	 181.79008
 351	1	 225.79111	 121.95721	 321.26980
 352	1	 301.16688	 88.08018	 317.18165
 353	1	 302.34747	 90.38822	 46.20838
 354	1	 305.48358	 89.09952	 133.90379
 355	1	 309.40217	 76.29766	 237.70149
 356	1	 41.52174	 43.61853	 268.42199
 357	1	 24.30830	 56.28022	 198.59702
 358	1	 324.28532	 45.31514	 184.47424
 359	1	 142.68171	 45.63144	 91.70892
 360	1	 58.47239	 145.22604	 24.37913
 361	1	 54.09317	 90.95637	 220.16191
 362	1	 51.29360	 92.12054	 135.01860
 363	1	 34.12913	 44.91412	 0.17370
 364	1	 147.11828	 138.37999	 92.85882
 365	1	 212.70915	 140.46203	 177.34837
 366	1	 232.16640	 88.84047	 45.51712
 367	1	 244.73444	 88.39318	 231.05317
 368	1	 154.58844	 60.76773	 159.66173
 369	1	 31.47909	 133.61742	 269.53000
 370	1	 221.68120	 135.41982	 270.66835
 371	1	 128.55891	 80.35921	 138.49445
 372	1	 329.35369	 137.17615	 2.69739
 373	1	 140.85668	 135.94470	 181.00180
 374	1	 153.07708	 68.76590	 208.30057
 375	1	 24.87856	 123.42933	 340.22051
 376	1	 32.46164	 130.32191	 85.42533
 377	1	 211.39545	 56.84099	 270.41953
 378	1	 61.08067	 144.77266	 301.61611
 379	1	 285.60227	 41.93516	 195.62041
 380	1	 143.97623	 40.73060	 96.62653
 381	1	 305.11834	 78.34075	 133.13797
 382	1	 213.01309	 135.17164	 86.32725
 383	1	 38.13527	 51.49726	 176.22549
 384	1	 33.32005	 138.24999	 184.06813
 385	1	 231.99461	 85.71319	 130.70560
 386	1	 148.10848	 44.96340	 171.39717
 387	1	 136.38158	 38.28383	 92.48896
 388	1	 215.79926	 137.97103	 182.17355
 389	1	 142.78264	 132.95908	 177.38541
 390	1	 322.07610	 133.15658	 268.79787
 391	1	 127.28022	 92.05473	 227.94738
 392	1	 150.43898	 138.05102	 96.64460
 393	1	 236.42945	 36.48403	 157.09097
 394	1	 326.75355	 48.02295	 349.48714
 395	1	 214.25350	 39.04993	 274.31706
 396	1	 215.82806	 130.64549	 358.83688
 397	1	 296.69797	 39.56819	 142.99445
 398	1	 298.58700	 37.10975	 205.75637
 399	1	 168.10025	 45.95464	 54.62994
 400	1	 321.50869	 128.41808	 179.49872
 401	1	 338.83088	 35.40292	 83.45216
 402	1	 146.50501	 48.71915	 270.50925
 403	1	 219.30411	 135.45267	 175.20365
 404	1	 123.82940	 86.62889	 217.10939
 405	1	 124.51479	 155.73553	 298.51101
 406	1	 333.66467	 123.57613	 107.39600
 407	1	 329.53745	 49.67832	 180.29903
 408	1	 204.40795	 120.98870	 246.87825
 409	1	 146.59686	 50.55037	 186.66647
 410	1	 307.91185	 73.48045	 62.16196
 411	1	 307.38870	 88.87903	 220.91688
 412	1	 233.40488	 90.38107	 230.45107
 413	1	 219.26177	 133.05303	 178.91780
 414	1	 145.96432	 139.00562	 90.68056
 415	1	 28.27163	 39.67363	 176.90621
 416	1	 210.24537	 20.86379	 151.74717
 417	1	 318.59563	 47.31409	 272.93056
 418	1	 233.87579	 104.92736	 144.24372
 419	1	 303.17301	 74.89977	 147.23189
 420	1	 303.41321	 32.64310	 294.36146
 421	1	 223.56730	 45.92079	 274.11560
 422	1	 238.98134	 83.92611	 48.82024
 423	1	 143.09088	 125.99898	 269.78537
 424	1	 25.33995	 121.14827	 251.63529
 425	1	 214.77678	 46.01060	 175.70791
 426	1	 309.12916	 162.71293	 15.81929
 427	1	 319.32252	 55.03234	 335.85432
 428	1	 328.93062	 45.56553	 10.09491
 429	1	 37.67891	 131.54551	 268.70965
 430	1	 185.96159	 100.62803	 69.76279
 431	1	 32.49663	 130.67060	 271.69234
 432	1	 215.46364	 138.32932	 267.33717
 433	1	 174.66924	 60.37050	 128.58095
 434	1	 36.76956	 132.98175	 270.89461
 435	1	 37.66808	 140.31651	 0.85128
 436	1	 321.21000	 45.56882	 177.81564
 437	1	 275.14160	 132.99720	 207.08591
 438	1	 24.66110	 55.83540	 18.34229
 439	1	 213.88759	 140.49323	 267.31540
 440	1	 120.31344	 88.44665	 227.43892
 441	1	 60.93205	 40.38830	 150.63717
 442	1	 203.32994	 125.01216	 251.99456
 443	1	 33.48651	 42.69183	 176.85719
 444	1	 75.75768	 126.04838	 180.55409
 445	1	 139.38813	 40.68204	 272.28426
 446	1	 57.05019	 89.85901	 47.04664
 447	1	 142.27526	 132.61442	 277.08502
 448	1	 306.24398	 91.25161	 134.39854
 449	1	 211.81457	 133.02480	 90.01449
 450	1	 324.66758	 38.23253	 82.83079
 451	1	 317.59926	 47.14455	 357.26096
 452	1	 324.94344	 135.88011	 264.88997
 453	1	 47.29077	 92.88898	 319.15656
 454	1	 210.68742	 59.41919	 286.92254
 455	1	 150.96261	 57.83636	 340.11265
 456	1	 146.08092	 138.41037	 9.29224
 457	1	 337.51772	 121.61170	 18.03903
 458	1	 306.44943	 92.15743	 48.65575
 459	1	 147.15686	 42.99030	 265.59407
 460	1	 257.41288	 102.31851	 209.85147
 461	1	 239.75954	 146.50524	 295.86602
 462	1	 135.73979	 47.04749	 90.37340
 463	1	 55.20202	 94.38595	 46.89640
 464	1	 204.81034	 58.41682	 293.17765
 465	1	 213.00624	 52.20517	 179.39385
 466	1	 50.02542	 94.60229	 135.95168
 467	1	 332.18654	 121.65237	 108.49763
 468	1	 209.14292	 46.57375	 179.49528
 469	1	 343.01844	 118.95226	 15.77387
 470	1	 145.63386	 46.90981	 269.44307
 471	1	 55.20779	 92.05891	 44.43154
 472	1	 26.43981	 59.12464	 19.99136
 473	1	 205.54823	 9.76355	 347.71571
 474	1	 323.20937	 46.06894	 267.05488
 475	1	 311.43864	 96.79740	 222.73806
 476	1	 213.46157	 52.02359	 270.49116
 477	1	 41.69846	 48.30211	 3.48128
 478	1	 147.71745	 138.51968	 181.78128
 479	1	 127.24569	 89.19295	 222.34147
 480	1	 354.28303	 45.00504	 122.92735
 481	1	 60.98157	 95.71825	 136.18239
 482	1	 151.37994	 55.14091	 254.51572
 483	1	 151.80400	 45.55463	 6.92344
 484	1	 144.71367	 47.60092	 93.24303
 485	1	 209.46763	 136.93373	 358.96278
 486	1	 336.39734	 123.30729	 290.31103
 487	1	 217.26955	 138.51282	 90.74019
 488	1	 322.45953	 130.47437	 354.07705
 489	1	 29.97720	 138.40470	 179.18278
 490	1	 56.45798	 86.19673	 45.96125
 491	1	 303.72276	 89.30985	 316.63691
 492	1	 60.20495	 86.16015	 132.42045
 493	1	 237.40318	 81.97547	 222.14651
 494	1	 56.69616	 98.92426	 226.62785
 495	1	 321.74894	 50.44594	 2.93302
 496	1	 145.25370	 128.07459	 184.95757
 497	1	 212.72249	 43.80658	 175.43467
 498	1	 145.82343	 41.41059	 92.92991
 499	1	 210.16836	 130.92780	 183.73428
 500	1	 204.16300	 57.75407	 108.95198
 501	1	 8.80153	 8.59167	 324.65222
 502	1	 13.58990	 27.41224	 343.25848
 503	1	 259.33319	 17.23332	 237.05180
 504	1	 212.20231	 41.15346	 272.98284
 505	1	 143.59710	 131.56792	 272.70715
 506	1	 230.76370	 91.70967	 229.33510
 507	1	 51.79566	 79.89668	 131.19945
 508	1	 225.98213	 114.45158	 325.49209
 509	1	 343.03278	 34.79554	 71.82815
 510	1	 220.80414	 140.41363	 268.43343
 511	1	 59.94579	 35.19509	 332.62870
 512	1	 223.69768	 137.84447	 267.97045
 513	1	 32.92429	 41.58953	 355.18917
 514	1	 63.07053	 90.01219	 230.29225
 515	1	 230.36153	 87.07676	 44.42596
 516	1	 151.48154	 55.88685	 252.29214
 517	1	 53.17638	 96.35972	 134.67564
 518	1	 100.71661	 46.03651	 73.46449
 519	1	 325.06098	 47.70774	 180.46694
 520	1	 171.59308	 36.95682	 140.19376
 521	1	 51.07839	 91.49313	 131.99112
 522	1	 308.38263	 89.07668	 136.27780
 523	1	 204.63433	 122.34474	 68.67256
 524	1	 323.07399	 133.09865	 6.49646
 525	1	 37.97383	 140.15726	 179.64054
 526	1	 232.33024	 86.20618	 306.19420
 527	1	 58.34463	 8.98151	 135.89967
 528	1	 144.87638	 47.84351	 83.59607
 529	1	 336.24819	 120.02816	 108.13429
 530	1	 323.17266	 131.24698	 359.29190
 531	1	 324.16167	 134.35632	 172.76606
 532	1	 118.09942	 87.88359	 48.38951
 533	1	 284.57106	 48.64160	 171.68490
 534	1	 129.80455	 70.94889	 55.21168
 535	1	 27.44261	 44.67498	 358.24411
 536	1	 229.78813	 90.70943	 42.54457
 537	1	 21.08712	 143.80385	 291.36523
 538	1	 336.04753	 121.60859	 110.40703
 539	1	 124.38816	 102.60629	 304.81203
 540	1	 37.43982	 47.76220	 0.32290
 541	1	 214.54656	 46.90355	 359.87647
 542	1	 220.99027	 124.76971	 179.79393
 543	1	 214.96772	 51.03064	 272.45017
 544	1	 157.18592	 82.97753	 11.12009
 545	1	 146.82058	 137.50560	 0.96716
 546	1	 202.87133	 124.29551	 261.26744
 547	1	 219.74300	 47.58473	 359.84519
 548	1	 57.86842	 95.79721	 223.95626
 549	1	 217.72489	 133.23942	 359.06313
 550	1	 118.16739	 88.49025	 133.36181
 551	1	 207.00924	 57.36296	 198.15887
 552	1	 285.77288	 61.25497	 32.70690
 553	1	 318.42628	 134.73277	 91.17679
 554	1	 192.21984	 109.41902	 42.15614
 555	1	 134.39924	 58.90131	 191.28495
 556	1	 136.73495	 134.14919	 3.00524
 557	1	 58.28412	 83.38605	 48.86136
 558	1	 300.41085	 93.84084	 319.98032
 559	1	 123.42063	 84.92305	 40.87845
 560	1	 153.03564	 119.85812	 335.56317
 561	1	 334.14185	 142.42575	 86.95495
 562	1	 143.60500	 136.45259	 356.43813
 563	1	 292.50357	 114.71220	 32.83646
 564	1	 299.83678	 36.41772	 298.26155
 565	1	 81.48331	 50.73984	 102.04184
 566	1	 31.15467	 43.87056	 180.18742
 567	1	 320.84223	 37.59213	 182.88607
 568	1	 51.56027	 75.27083	 301.22336
 569	1	 210.20625	 45.09180	 181.37909
 570	1	 127.08368	 91.71088	 310.70831
 571	1	 154.40090	 100.78183	 10.90384
 572	1	 130.27739	 104.91389	 124.97763
 573	1	 26.16011	 55.36601	 286.62974
 574	1	 325.25870	 134.81324	 88.58479
 575	1	 40.67620	 135.84560	 178.41458
 576	1	 2.21884	 143.84555	 286.50154
 577	1	 48.98307	 81.02300	 279.32025
 578	1	 165.00517	 42.30728	 86.75368
 579	1	 129.09945	 105.49951	 125.65232
 580	1	 205.20274	 148.83693	 62.40921
 581	1	 146.78918	 44.53483	 89.91819
 582	1	 40.80360	 48.21695	 85.28775
 583	1	 329.53637	 134.93769	 262.73944
 584	1	 149.25618	 137.51954	 88.13381
 585	1	 354.25615	 59.67850	 189.65160
 586	1	 135.32662	 48.90011	 271.77501
 587	1	 302.80006	 36.52530	 295.31748
 588	1	 145.96951	 139.24955	 88.42113
 589	1	 99.54181	 163.24948	 274.03114
 590	1	 25.17978	 59.23414	 16.86995
 591	1	 229.30998	 89.79457	 42.27843
 592	1	 227.29312	 93.47837	 211.81988
 593	1	 230.33489	 135.93668	 71.28254
 594	1	 308.15202	 89.87760	 130.62783
 595	1	 327.13868	 43.60278	 97.69213
 596	1	 195.68470	 178.21453	 161.02763
 597	1	 302.46889	 94.94990	 47.73550
 598	1	 307.14405	 106.45778	 210.87541
 599	1	 205.33136	 56.09740	 108.47509
 600	1	 210.12506	 135.50376	 270.80566
 601	1	 327.07833	 128.72760	 267.17247
 602	1	 333.50540	 85.81351	 191.44760
 603	1	 117.86693	 88.48237	 133.46966
 604	1	 321.98123	 40.36228	 358.42120
 605	1	 233.57378	 106.48849	 235.44184
 606	1	 55.03971	 90.55224	 319.50716
 607	1	 122.63082	 91.05024	 230.51288
 608	1	 24.26863	 126.22690	 339.19501
 609	1	 131.21766	 91.66300	 132.71011
 610	1	 37.37940	 132.96489	 273.12162
 611	1	 300.32855	 91.92461	 46.64687
 612	1	 215.13270	 141.48189	 267.76583
 613	1	 299.19042	 91.50930	 132.47382
 614	1	 235.32298	 86.72473	 48.22538
 615	1	 149.86212	 139.76804	 185.69487
 616	1	 51.95030	 94.20232	 228.64448
 617	1	 147.32574	 43.87279	 272.68674
 618	1	 37.91286	 139.49203	 274.07110
 619	1	 233.00405	 109.89144	 323.97665
 620	1	 319.43999	 47.49546	 91.25888
 621	1	 198.72908	 165.08871	 160.17028
 622	1	 139.40034	 69.95178	 228.49013
 623	1	 30.95116	 44.97456	 186.05952
 624	1	 55.09906	 89.24705	 137.80359
 625	1	 51.44452	 87.27813	 42.68945
 626	1	 296.48801	 176.58925	 309.38953
 627	1	 112.65583	 7.10757	 214.46944
 628	1	 305.19953	 91.37670	 316.49753
 629	1	 25.48616	 115.51818	 69.25178
 630	1	 127.67618	 91.32845	 45.96021
 631	1	 220.71765	 99.47524	 116.40103
 632	1	 328.50333	 134.67679	 171.48674
 633	1	 141.87982	 120.58432	 229.05943
 634	1	 332.38865	 122.09985	 194.04594
 635	1	 212.61873	 43.77783	 89.34904
 636	1	 322.18812	 45.72431	 87.14087
 637	1	 158.88825	 48.92170	 217.61867
 638	1	 140.76430	 37.60172	 182.60480
 639	1	 121.27114	 93.33281	 144.24115
 640	1	 121.42319	 89.12144	 44.73354
 641	1	 116.24894	 141.69334	 138.28588
 642	1	 146.77753	 136.72265	 181.80224
 643	1	 30.55861	 58.52047	 198.44478
 644	1	 116.42892	 87.68581	 141.89622
 645	1	 144.16491	 131.14336	 92.43051
 646	1	 38.25649	 45.89724	 89.50358
 647	1	 182.52032	 81.80697	 304.81125
 648	1	 37.28393	 47.12902	 84.83277
 649	1	 209.83622	 133.63929	 262.94596
 650	1	 41.25037	 176.75582	 277.62191
 651	1	 143.63971	 137.69342	 272.39457
 652	1	 168.34701	 28.89911	 163.62443
 653	1	 126.32536	 43.90126	 246.24214
 654	1	 151.53304	 44.22937	 358.67074
 655	1	 141.35547	 133.16704	 358.26227
 656	1	 59.08323	 143.29999	 114.19673
 657	1	 308.39855	 83.76072	 215.61550
 658	1	 212.40079	 137.76204	 277.31515
 659	1	 211.89490	 141.09887	 271.36265
 660	1	 219.38471	 137.48644	 87.54117
 661	1	 147.73539	 135.54204	 93.60664
 662	1	 306.24221	 90.43007	 217.77919
 663	1	 244.18954	 70.54575	 291.60939
 664	1	 233.79175	 87.83434	 224.43129
 665	1	 125.84537	 106.33473	 30.64204
 666	1	 213.08276	 43.32295	 257.93482
 667	1	 229.84105	 103.87468	 52.23699
 668	1	 236.03659	 140.27097	 206.20955
 669	1	 331.30599	 123.75886	 17.29541
 670	1	 306.64939	 86.45280	 217.06771
 671	1	 34.74749	 137.86515	 86.63460
 672	1	 146.45149	 136.72650	 88.73900
 673	1	 250.16255	 174.44885	 61.09071
 674	1	 212.36441	 132.35541	 175.07534
 675	1	 124.70350	 86.69389	 140.49219
 676	1	 241.07832	 39.31008	 66.53153
 677	1	 145.35532	 47.45784	 169.41378
 678	1	 120.04196	 145.50950	 244.95058
 679	1	 302.41162	 88.48206	 41.81543
 680	1	 308.07024	 84.79283	 219.76836
 681	1	 325.74457	 47.42593	 354.79099
 682	1	 38.40759	 46.08329	 268.76661
 683	1	 306.31353	 93.85588	 314.36262
 684	1	 354.58527	 163.66117	 339.73197
 685	1	 318.78411	 39.99763	 275.41030
 686	1	 143.95038	 50.82657	 90.33646
 687	1	 213.56191	 144.35318	 322.75040
 688	1	 55.76235	 93.74532	 318.80580
 689	1	 299.32082	 91.53178	 43.42863
 690	1	 54.39992	 91.93776	 226.45816
 691	1	 126.45402	 107.07378	 210.74406
 692	1	 279.99651	 9.70582	 128.29545
 693	1	 323.39546	 136.02657	 93.06610
 694	1	 25.08503	 123.82224	 68.88246
 695	1	 325.49651	 147.46837	 92.02221
 696	1	 31.81216	 136.77519	 272.62612
 697	1	 306.90857	 75.68567	 56.76294
 698	1	 252.94592	 112.08357	 14.92050
 699	1	 38.96303	 46.22358	 0.48057
 700	1	 259.50811	 138.75376	 4.56351
 701	1	 141.63038	 133.06417	 273.50569
 702	1	 34.13759	 36.03781	 180.66673
 703	1	 138.73427	 134.31212	 88.32999
 704	1	 299.38677	 35.89757	 293.92998
 705	1	 116.85412	 91.13024	 312.95831
 706	1	 213.97133	 44.14893	 271.68445
 707	1	 331.91567	 125.90302	 21.81506
 708	1	 185.49957	 46.53825	 296.04980
 709	1	 170.96461	 45.29322	 328.28729
 710	1	 128.90784	 105.90309	 32.95931
 711	1	 15.05328	 34.17988	 318.78949
 712	1	 74.01298	 30.72259	 18.48625
 713	1	 236.43922	 146.78039	 116.82558
 714	1	 29.67613	 120.63496	 250.20050
 715	1	 305.91501	 91.86342	 132.83068
 716	1	 149.62890	 56.24020	 342.77563
 717	1	 238.66689	 38.83152	 152.12031
 718	1	 308.06136	 84.00674	 226.46285
 719	1	 216.49419	 45.22412	 266.74408
 720	1	 212.45863	 134.69054	 84.30888
 721	1	 147.02991	 135.38120	 183.63948
 722	1	 331.85684	 124.34509	 202.05456
 723	1	 151.74133	 134.28942	 182.65071
 724	1	 324.97220	 144.31489	 268.43410
 725	1	 141.84146	 21.04525	 288.54433
 726	1	 303.49252	 87.16395	 308.76633
 727	1	 148.46707	 134.59457	 178.68215
 728	1	 146.46124	 138.48288	 177.43177
 729	1	 131.30090	 89.68616	 313.49427
 730	1	 31.28923	 58.98493	 103.89958
 731	1	 203.67008	 55.69586	 19.82284
 732	1	 215.42705	 132.32759	 90.06875
 733	1	 63.11643	 93.87719	 140.91347
 734	1	 31.93164	 134.99895	 270.20438
 735	1	 320.49219	 139.09382	 177.22196
 736	1	 325.29330	 42.78570	 98.10281
 737	1	 229.70874	 84.63282	 233.03060
 738	1	 150.50107	 42.86476	 269.86815
 739	1	 46.25900	 177.02550	 180.34353
 740	1	 151.60589	 26.25660	 165.84268
 741	1	 329.44084	 73.44671	 313.43507
 742	1	 27.94101	 57.71855	 193.23938
 743	1	 68.57016	 8.67043	 10.44504
 744	1	 148.79693	 137.59010	 354.22910
 745	1	 122.26046	 87.90636	 226.51148
 746	1	 59.48598	 88.58593	 226.81437
 747	1	 330.75562	 144.39421	 277.24146
 748	1	 23.81667	 43.58962	 264.23602
 749	1	 323.69262	 45.34590	 270.54062
 750	1	 128.74423	 75.46637	 325.02232
 751	1	 145.95262	 129.89119	 176.57803
 752	1	 327.53725	 39.67393	 359.35770
 753	1	 147.82335	 134.28201	 355.94085
 754	1	 309.33201	 104.18615	 213.24146
 755	1	 302.96073	 89.55185	 315.39875
 756	1	 305.13419	 39.14003	 294.02135
 757	1	 196.03407	 147.81393	 132.00513
 758	1	 32.11928	 126.56637	 277.65587
 759	1	 232.23990	 83.67525	 223.15782
 760	1	 144.18801	 136.77944	 91.37219
 761	1	 300.18735	 88.46209	 140.18676
 762	1	 192.17476	 51.42298	 329.56716
 763	1	 232.98767	 107.74507	 324.11284
 764	1	 213.97192	 130.06314	 356.49406
 765	1	 27.88946	 44.27906	 181.01174
 766	1	 123.88671	 100.26126	 134.05332
 767	1	 38.43074	 43.88730	 89.91327
 768	1	 307.03442	 105.20330	 213.40097
 769	1	 214.22492	 39.28487	 2.81340
 770	1	 153.77829	 57.00874	 249.45498
 771	1	 231.27059	 89.38520	 137.98924
 772	1	 323.61811	 48.50222	 181.01238
 773	1	 126.04358	 74.29217	 327.63676
 774	1	 304.30516	 89.65367	 138.41534
 775	1	 209.96304	 45.24525	 92.15923
 776	1	 218.82665	 45.58591	 89.59403
 777	1	 33.73436	 45.94898	 264.33292
 778	1	 267.74425	 72.71337	 315.66162
 779	1	 337.06150	 177.90282	 262.20639
 780	1	 215.25154	 40.40073	 267.33126
 781	1	 215.72056	 117.29332	 335.94505
 782	1	 142.95838	 135.20166	 178.92043
 783	1	 56.33454	 94.65397	 135.22843
 784	1	 303.56661	 96.19623	 46.25063
 785	1	 303.25923	 35.57302	 27.39421
 786	1	 213.85898	 133.46987	 171.13464
 787	1	 310.26502	 86.01208	 313.02750
 788	1	 306.36434	 36.07313	 201.81102
 789	1	 124.30750	 75.08575	 55.86333
 790	1	 277.55131	 171.17446	 278.87065
 791	1	 59.14164	 35.43747	 331.76630
 792	1	 30.65582	 113.02524	 90.06096
 793	1	 44.28100	 138.89288	 354.32007
 794	1	 143.38173	 144.62277	 181.64107
 795	1	 235.05113	 90.72647	 137.99557
 796	1	 165.06780	 46.29954	 281.56790
 797	1	 320.13328	 135.51003	 3.49557
 798	1	 145.57536	 40.64456	 282.27275
 799	1	 236.00813	 91.00136	 313.65056
 800	1	 124.27525	 143.27005	 156.07532
 801	1	 39.16668	 28.92253	 156.06984
 802	1	 301.51589	 38.93516	 23.81350
 803	1	 35.81434	 40.04488	 276.23221
 804	1	 155.75379	 57.13548	 251.01637
 805	1	 249.09760	 40.86917	 10.88172
 806	1	 37.03644	 139.33602	 179.62326
 807	1	 144.43876	 130.16317	 177.34310
 808	1	 324.70276	 135.94761	 178.01036
 809	1	 234.78634	 38.84650	 335.91446
 810	1	 324.93386	 46.64848	 181.96073
 811	1	 143.58676	 129.48108	 82.92650
 812	1	 327.92131	 133.59968	 182.07673
 813	1	 16.88634	 1.07702	 356.63907
 814	1	 333.26804	 89.95372	 268.78304
 815	1	 218.78570	 124.05853	 354.29326
 816	1	 243.14399	 142.96438	 27.83245
 817	1	 327.09715	 132.26860	 2.44734
 818	1	 226.50921	 126.06217	 183.45760
 819	1	 129.74999	 106.69737	 34.87557
 820	1	 132.30134	 2.71171	 214.73671
 821	1	 217.44115	 140.91557	 182.22384
 822	1	 139.42646	 43.74511	 265.66941
 823	1	 215.53468	 140.65667	 357.45843
 824	1	 222.51383	 132.39040	 178.74625
 825	1	 236.24897	 53.81509	 329.70306
 826	1	 242.09816	 123.22352	 18.55234
 827	1	 40.89990	 132.40685	 270.16327
 828	1	 308.27526	 86.52693	 319.27696
 829	1	 118.26393	 89.83236	 135.35767
 830	1	 214.62235	 147.52759	 106.08223
 831	1	 126.91365	 106.62034	 302.14117
 832	1	 116.49049	 91.64257	 140.45077
 833	1	 138.87899	 50.33819	 89.35972
 834	1	 24.43436	 116.73691	 71.44773
 835	1	 206.77945	 137.08291	 183.44870
 836	1	 89.62414	 32.68250	 103.88067
 837	1	 145.45143	 47.08259	 271.63825
 838	1	 235.11319	 94.96672	 322.29973
 839	1	 29.41506	 138.31570	 91.09481
 840	1	 321.99762	 129.90657	 268.43507
 841	1	 219.31976	 131.55663	 88.94319
 842	1	 304.15152	 90.40586	 42.61258
 843	1	 201.29305	 175.32866	 156.89946
 844	1	 30.12078	 136.39612	 101.92424
 845	1	 329.52052	 46.16965	 274.83209
 846	1	 270.77387	 91.01222	 68.38400
 847	1	 155.20310	 57.58548	 163.00265
 848	1	 333.58521	 122.77092	 109.17226
 849	1	 337.19127	 122.25160	 19.61417
 850	1	 212.21486	 134.34405	 182.73038
 851	1	 35.76016	 41.20366	 0.71126
 852	1	 122.56814	 144.37267	 336.02956
 853	1	 208.38998	 138.13219	 84.92269
 854	1	 29.22657	 137.28379	 3.14781
 855	1	 84.06472	 105.63088	 126.31374
 856	1	 215.35916	 51.50523	 117.97151
 857	1	 233.97242	 37.77561	 102.11216
 858	1	 36.02685	 48.69137	 271.98024
 859	1	 34.23361	 53.41684	 270.37938
 860	1	 33.42911	 147.10791	 258.02270
 861	1	 31.74348	 134.45186	 87.73723
 862	1	 203.94257	 45.79076	 273.41505
 863	1	 41.83735	 137.87825	 94.58672
 864	1	 306.92164	 86.37420	 229.97052
 865	1	 218.73546	 135.59618	 268.39278
 866	1	 58.48058	 38.02271	 330.77250
 867	1	 210.17785	 39.79132	 358.77504
 868	1	 32.05805	 40.74825	 90.95186
 869	1	 154.80585	 55.98516	 341.13891
 870	1	 344.19768	 70.76313	 271.04353
 871	1	 236.65999	 37.40331	 332.88023
 872	1	 45.14560	 134.42455	 90.29658
 873	1	 0.93273	 107.55408	 351.73996
 874	1	 231.52209	 58.41518	 86.47109
 875	1	 241.41647	 95.82791	 219.20967
 876	1	 55.69552	 63.51727	 71.64606
 877	1	 230.55768	 107.76844	 328.49039
 878	1	 53.24770	 95.30321	 314.65870
 879	1	 349.94629	 20.26413	 319.06609
 880	1	 323.62070	 45.24676	 271.44014
 881	1	 325.30051	 42.58274	 89.42589
 882	1	 28.05077	 121.83734	 161.23392
 883	1	 159.32052	 58.94454	 165.78971
 884	1	 51.66121	 88.28672	 44.53502
 885	1	 141.14613	 133.70492	 184.38844
 886	1	 326.51681	 135.09332	 359.97524
 887	1	 89.75920	 128.87360	 148.83542
 888	1	 306.67726	 87.90890	 41.71539
 889	1	 145.18382	 45.65334	 177.17327
 890	1	 310.50618	 129.07816	 95.03566
 891	1	 8.06607	 128.89722	 142.88224
 892	1	 226.70943	 83.57757	 46.47869
 893	1	 138.56118	 42.59609	 276.07659
 894	1	 300.65146	 87.65633	 133.93971
 895	1	 144.92175	 34.08384	 37.00613
 896	1	 57.57832	 91.32308	 225.26746
 897	1	 132.72447	 31.65686	 19.21832
 898	1	 206.56929	 134.87319	 0.99448
 899	1	 212.98338	 46.05340	 92.00246
 900	1	 143.36124	 45.56399	 271.69703
 901	1	 284.62828	 113.16345	 16.01156
 902	1	 239.69058	 142.78367	 297.99976
 903	1	 188.40099	 105.34063	 307.59454
 904	1	 38.95199	 136.35389	 265.58834
 905	1	 26.31536	 54.26342	 203.51448
 906	1	 30.21467	 43.54287	 5.58964
 907	1	 301.82156	 35.37167	 297.95126
 908	1	 338.21864	 40.01427	 188.84003
 909	1	 234.46123	 88.09444	 226.58616
 910	1	 356.07612	 135.05160	 297.61975
 911	1	 302.43372	 89.39970	 231.43708
 912	1	 129.77955	 89.88449	 138.41983
 913	1	 308.95549	 72.64033	 57.86839
 914	1	 54.81610	 88.89019	 129.40768
 915	1	 57.54139	 94.21787	 317.18377
 916	1	 26.61623	 122.25795	 162.60599
 917	1	 325.19881	 45.96772	 357.73459
 918	1	 303.26161	 83.75341	 318.35944
 919	1	 231.40443	 36.67333	 65.14242
 920	1	 65.43393	 143.63293	 169.74295
 921	1	 312.91251	 163.52432	 349.74908
 922	1	 293.74370	 139.30602	 129.06404
 923	1	 125.23062	 141.40134	 241.35101
 924	1	 331.56333	 137.04383	 258.14310
 925	1	 324.87772	 50.77887	 285.02313
 926	1	 237.90194	 143.87996	 23.37532
 927	1	 36.11663	 141.87598	 358.57457
 928	1	 94.35568	 47.69717	 188.39052
 929	1	 332.94049	 122.81923	 285.47424
 930	1	 143.40505	 138.23000	 2.91203
 931	1	 237.43806	 86.98586	 317.76187
 932	1	 123.59655	 88.89212	 130.34883
 933	1	 328.57383	 44.60734	 177.57684
 934	1	 148.90873	 44.96367	 180.93794
 935	1	 327.56426	 114.60508	 320.53618
 936	1	 304.30806	 74.61527	 57.51609
 937	1	 224.28114	 90.19239	 221.25309
 938	1	 29.77588	 129.26818	 182.52705
 939	1	 179.39575	 64.21038	 235.28589
 940	1	 23.86513	 58.04197	 285.55807
 941	1	 304.33435	 87.86303	 39.79660
 942	1	 50.81144	 89.75197	 135.40231
 943	1	 125.25214	 76.85007	 55.82004
 944	1	 346.07718	 179.86709	 271.04843
 945	1	 216.25414	 137.66774	 271.82509
 946	1	 125.81569	 104.23446	 123.42636
 947	1	 233.12994	 88.06531	 138.74304
 948	1	 323.66984	 36.59567	 181.45894
 949	1	 57.53083	 144.00863	 27.15795
 950	1	 324.46818	 48.03679	 268.20317
 951	1	 1.70326	 104.19276	 143.11396
 952	1	 303.48970	 89.35087	 221.14444
 953	1	 149.84551	 39.10984	 265.23484
 954	1	 163.89704	 84.47336	 125.45470
 955	1	 59.79187	 163.82029	 40.13466
 956	1	 222.26428	 134.63392	 358.64568
 957	1	 55.86266	 142.87873	 208.36233
 958	1	 233.31416	 85.50773	 133.27458
 959	1	 11.99275	 160.35612	 175.01694
 960	1	 306.63706	 95.38817	 226.63998
 961	1	 215.91796	 47.98851	 179.36689
 962	1	 231.89538	 102.43863	 146.90715
 963	1	 235.19265	 103.80422	 237.72706
 964	1	 57.66837	 92.12673	 138.38724
 965	1	 128.03601	 103.68643	 211.59582
 966	1	 53.51031	 86.74349	 317.87185
 967	1	 152.88899	 59.10485	 159.43488
 968	1	 235.27861	 90.70708	 315.46250
 969	1	 143.90908	 130.57941	 93.14605
 970	1	 298.97356	 37.36705	 295.83393
 971	1	 209.08277	 51.04575	 327.39070
 972	1	 36.96822	 45.70596	 2.33916
 973	1	 328.00566	 139.36554	 1.90583
 974	1	 65.19230	 142.05007	 297.66547
 975	1	 332.36948	 136.00941	 271.76587
 976	1	 231.06333	 137.40875	 147.82356
 977	1	 212.74732	 137.13526	 93.65094
 978	1	 236.80510	 105.92882	 238.56343
 979	1	 147.55697	 44.33653	 94.79071
 980	1	 206.71114	 123.10434	 162.13896
 981	1	 38.94922	 175.01403	 63.01219
 982	1	 321.31941	 142.93677	 316.71865
 983	1	 140.91974	 48.05204	 272.03839
 984	1	 329.36709	 40.37759	 179.21355
 985	1	 217.97792	 137.59095	 0.88170
 986	1	 228.89949	 104.30109	 231.92003
 987	1	 123.21503	 125.01910	 216.85160
 988	1	 46.91522	 37.44386	 87.90315
 989	1	 21.78529	 120.29892	 159.90274
 990	1	 330.85889	 123.36386	 111.53361
 991	1	 300.96071	 36.49067	 22.35959
 992	1	 27.05397	 125.15717	 73.23451
 993	1	 216.73044	 47.49034	 276.16734
 994	1	 139.95302	 42.28965	 177.95884
 995	1	 239.66126	 41.95907	 330.52740
 996	1	 293.76364	 123.86830	 27.94710
 997	1	 125.98042	 92.09880	 50.63988
 998	1	 37.72811	 140.10571	 177.05670
 999	1	 144.93090	 137.68586	 355.21104
1000	1	 237.86753	 88.60175	 134.76095
