   1	1	 91.29490	 34.07419	 44.13841
   2	1	 36.40139	 115.93743	 241.80417
   3	1	 207.90659	 61.23000	 292.47367
   4	1	 140.33101	 115.27851	 25.93665
   5	1	 142.08135	 65.17657	 63.19328
   6	1	 321.88256	 64.54223	 64.68887
   7	1	 58.69249	 93.93748	 138.92275
   8	1	 36.01558	 49.56148	 272.21601
   9	1	 272.51973	 38.71353	 313.94451
  10	1	 323.07520	 67.05652	 152.25433
  11	1	 136.35090	 115.64092	 27.10053
  12	1	 143.50052	 46.91187	 178.31939
  13	1	 220.01129	 66.44457	 203.51462
  14	1	 90.90212	 30.68301	 226.48935
  15	1	 236.08115	 140.34540	 26.63892
  16	1	 89.60165	 31.97556	 316.67235
  17	1	 24.74813	 119.43857	 340.08910
  18	1	 27.90104	 126.76461	 250.68549
  19	1	 53.63581	 85.97825	 136.57312
  20	1	 201.46522	 54.62767	 202.55835
  21	1	 85.24554	 147.37316	 310.60475
  22	1	 320.77569	 70.92468	 240.35178
  23	1	 269.30061	 143.10171	 43.82351
  24	1	 308.80972	 87.52016	 223.47399
  25	1	 273.83017	 36.88041	 47.76399
  26	1	 235.74783	 97.80722	 145.69343
  27	1	 208.48498	 119.89620	 73.69555
  28	1	 125.29048	 108.91278	 37.27749
  29	1	 240.60280	 45.19299	 147.91061
  30	1	 30.42069	 57.06195	 21.02546
  31	1	 61.63519	 90.01463	 138.71977
  32	1	 139.02440	 63.08794	 245.92149
  33	1	 272.00501	 141.52299	 44.96595
  34	1	 303.15332	 73.92585	 326.32107
  35	1	 216.61176	 120.06903	 150.34565
  36	1	 218.41267	 65.73336	 297.15014
  37	1	 89.22628	 36.04203	 134.33092
  38	1	 36.09010	 65.39564	 210.30161
  39	1	 123.05746	 147.45934	 342.17286
  40	1	 57.26571	 28.55148	 336.62557
  41	1	 150.23885	 137.39605	 359.89746
  42	1	 122.12541	 146.44609	 64.14701
  43	1	 40.27027	 63.69330	 26.81396
  44	1	 42.65740	 66.24452	 27.00114
  45	1	 325.89471	 41.52064	 269.55862
  46	1	 218.03394	 113.04103	 153.53137
  47	1	 64.55335	 140.65981	 28.12679
  48	1	 147.35285	 48.95546	 170.93861
  49	1	 141.31293	 69.04171	 242.76723
  50	1	 319.49979	 64.42758	 245.54747
  51	1	 221.54045	 66.89664	 207.94212
  52	1	 122.27002	 147.12144	 330.73085
  53	1	 56.45556	 91.37436	 317.70888
  54	1	 141.47040	 113.34680	 295.69876
  55	1	 213.25704	 67.27860	 115.33681
  56	1	 138.70407	 64.31089	 63.63948
  57	1	 28.25483	 56.64974	 13.84976
  58	1	 89.79288	 139.43306	 132.89689
  59	1	 89.38634	 31.63946	 315.77777
  60	1	 201.92594	 67.89278	 111.64180
  61	1	 321.14613	 63.97093	 150.75938
  62	1	 336.90465	 118.24249	 22.23127
  63	1	 219.27974	 68.43379	 208.37515
  64	1	 307.80054	 34.86487	 297.06777
  65	1	 209.92007	 55.46012	 107.52969
  66	1	 237.17748	 136.05736	 28.63126
  67	1	 301.44996	 97.32145	 50.17396
  68	1	 304.88107	 88.86445	 316.00581
  69	1	 90.03370	 145.98480	 44.54541
  70	1	 90.81919	 38.51272	 222.34835
  71	1	 138.00086	 118.72013	 209.76402
  72	1	 138.61052	 112.40119	 118.68628
  73	1	 37.01110	 114.95095	 64.39394
  74	1	 137.25530	 66.59924	 330.80600
  75	1	 89.10618	 38.11359	 135.47246
  76	1	 139.38447	 66.62570	 241.56781
  77	1	 324.33780	 40.59212	 267.06753
  78	1	 215.52026	 47.25907	 269.68048
  79	1	 221.04504	 106.95309	 149.57996
  80	1	 216.26727	 61.07408	 29.71622
  81	1	 328.25310	 43.41228	 91.64544
  82	1	 214.25577	 46.96938	 269.81110
  83	1	 141.05668	 112.92936	 27.21420
  84	1	 319.18066	 65.37929	 150.91436
  85	1	 215.96980	 113.50739	 64.21835
  86	1	 88.24224	 144.11727	 135.52798
  87	1	 91.65553	 144.14770	 132.41512
  88	1	 38.73854	 112.05244	 155.98690
  89	1	 37.89832	 65.02278	 292.55630
  90	1	 269.53601	 149.31946	 133.30018
  91	1	 270.65017	 147.89278	 134.86264
  92	1	 124.79691	 96.59716	 134.49397
  93	1	 236.50189	 93.39340	 44.80556
  94	1	 300.62865	 85.95783	 228.20722
  95	1	 125.77328	 93.50668	 44.88217
  96	1	 19.84767	 124.64912	 163.13063
  97	1	 237.17887	 37.18343	 64.46361
  98	1	 321.24993	 115.63783	 207.53856
  99	1	 142.31211	 68.06043	 331.48014
 100	1	 131.59262	 90.86093	 140.85749
 101	1	 128.41237	 74.57913	 241.49691
 102	1	 28.13143	 131.44016	 359.29172
 103	1	 329.88520	 122.70943	 19.33434
 104	1	 23.95063	 59.50987	 192.84849
 105	1	 142.92489	 115.40012	 292.91542
 106	1	 273.74705	 146.53276	 226.79658
 107	1	 39.31574	 69.39888	 294.07543
 108	1	 128.48632	 81.87401	 147.54579
 109	1	 132.36509	 90.92862	 135.00503
 110	1	 320.07288	 111.86551	 295.76479
 111	1	 55.36664	 94.60456	 311.25254
 112	1	 61.60925	 145.63686	 299.62930
 113	1	 302.41876	 36.23688	 201.91172
 114	1	 317.82321	 113.20597	 207.00779
 115	1	 146.71002	 46.94564	 357.62238
 116	1	 122.76625	 78.15225	 327.27014
 117	1	 219.19847	 112.17235	 244.85589
 118	1	 42.46616	 116.08922	 244.82585
 119	1	 320.48226	 114.58751	 294.55467
 120	1	 218.68583	 115.45159	 330.26113
 121	1	 268.74923	 32.90359	 132.95025
 122	1	 91.11014	 143.69679	 224.58081
 123	1	 32.90124	 59.01345	 110.46968
 124	1	 128.70137	 88.75190	 314.35144
 125	1	 211.92457	 134.58658	 264.88336
 126	1	 217.60923	 41.36582	 178.84237
 127	1	 40.12763	 69.89211	 26.68202
 128	1	 221.28632	 62.12038	 26.99953
 129	1	 93.25066	 37.60684	 44.81983
 130	1	 89.94512	 147.36725	 317.51118
 131	1	 273.44448	 35.98263	 47.90923
 132	1	 137.89055	 63.56929	 244.86535
 133	1	 239.52772	 145.48668	 301.74390
 134	1	 29.68564	 125.82652	 155.87527
 135	1	 51.66192	 74.52990	 209.07685
 136	1	 240.45603	 142.64300	 298.60067
 137	1	 53.27181	 92.68470	 221.97624
 138	1	 39.72608	 117.55931	 60.61459
 139	1	 325.94698	 135.44309	 180.36725
 140	1	 238.22009	 146.84287	 297.77803
 141	1	 40.03021	 66.84524	 208.26459
 142	1	 91.72891	 148.25331	 134.55945
 143	1	 142.33118	 118.15117	 115.72723
 144	1	 141.38529	 67.88293	 62.27928
 145	1	 308.09844	 35.03390	 25.24440
 146	1	 273.18481	 33.06696	 316.95737
 147	1	 270.22792	 146.25024	 45.52273
 148	1	 40.85882	 69.11204	 298.29942
 149	1	 221.58733	 64.09468	 117.33267
 150	1	 90.39400	 34.44550	 219.71486
 151	1	 318.78293	 111.37496	 27.93061
 152	1	 331.02097	 122.07434	 20.70773
 153	1	 125.42567	 87.19204	 47.34539
 154	1	 35.95119	 131.57742	 87.24342
 155	1	 142.30012	 47.67870	 91.25104
 156	1	 269.47964	 34.31088	 45.11783
 157	1	 332.08161	 47.24984	 95.69053
 158	1	 327.40798	 140.69550	 91.76065
 159	1	 126.60679	 77.32083	 141.00829
 160	1	 123.27074	 142.61327	 150.44441
 161	1	 219.84810	 108.48402	 244.50460
 162	1	 306.38104	 72.70251	 146.90001
 163	1	 140.83472	 64.97822	 156.00716
 164	1	 91.27660	 35.41645	 134.17231
 165	1	 96.95569	 34.24113	 133.98330
 166	1	 43.76492	 68.71673	 208.14865
 167	1	 319.23311	 114.29225	 29.16289
 168	1	 219.23728	 63.90032	 293.32376
 169	1	 148.52472	 47.69670	 89.43422
 170	1	 321.60047	 113.83539	 296.97480
 171	1	 91.80232	 139.22050	 44.70500
 172	1	 220.74060	 110.10958	 245.12657
 173	1	 141.23568	 115.84999	 207.26626
 174	1	 41.81980	 110.79650	 65.17152
 175	1	 306.54438	 77.42306	 55.47282
 176	1	 328.33208	 47.45063	 358.96947
 177	1	 317.67595	 116.77600	 209.70565
 178	1	 322.67948	 66.52165	 154.62410
 179	1	 270.13412	 144.05536	 321.46801
 180	1	 337.08177	 124.71790	 283.60354
 181	1	 321.49892	 114.30652	 294.39048
 182	1	 125.12025	 106.04987	 216.29098
 183	1	 43.61304	 65.98919	 25.19535
 184	1	 271.51396	 35.81439	 312.62918
 185	1	 139.41909	 117.49172	 207.17916
 186	1	 132.79821	 145.01701	 60.76068
 187	1	 144.14170	 45.33863	 172.30664
 188	1	 219.49300	 68.50449	 203.30937
 189	1	 269.25392	 34.50619	 133.87195
 190	1	 136.59441	 113.98716	 27.87469
 191	1	 212.32772	 54.83275	 113.36989
 192	1	 141.37777	 119.14790	 205.81938
 193	1	 140.82229	 114.03415	 299.77092
 194	1	 270.34302	 38.75740	 313.13574
 195	1	 202.95503	 61.83000	 116.03968
 196	1	 40.62487	 61.22067	 207.40979
 197	1	 140.45745	 132.92147	 0.30060
 198	1	 268.60174	 36.40572	 315.82900
 199	1	 55.79159	 34.02527	 61.47968
 200	1	 272.73415	 36.22021	 314.82091
 201	1	 128.78203	 103.50667	 125.54981
 202	1	 322.16069	 114.11305	 26.76382
 203	1	 222.14425	 110.57008	 244.32029
 204	1	 53.41122	 74.60347	 304.61423
 205	1	 306.55042	 78.53178	 152.46604
 206	1	 20.43707	 59.59563	 295.96664
 207	1	 54.10255	 89.76608	 46.30239
 208	1	 269.52743	 144.78863	 222.58019
 209	1	 140.51581	 69.00605	 152.85171
 210	1	 54.27529	 82.94605	 311.94355
 211	1	 125.21492	 91.96660	 314.07219
 212	1	 232.25279	 103.22556	 58.03042
 213	1	 240.57788	 40.26621	 337.73603
 214	1	 38.59594	 113.28063	 240.58116
 215	1	 322.53710	 115.10959	 294.21066
 216	1	 327.09223	 133.75234	 355.20995
 217	1	 238.55107	 33.55318	 328.04581
 218	1	 41.06549	 66.01818	 23.76753
 219	1	 323.35743	 41.81828	 85.43361
 220	1	 87.88958	 34.22008	 313.94354
 221	1	 268.65309	 146.90528	 46.49246
 222	1	 90.26023	 37.50654	 313.53566
 223	1	 40.01263	 68.77582	 297.11626
 224	1	 319.95428	 66.16237	 60.22714
 225	1	 52.40339	 77.68749	 34.27188
 226	1	 273.06146	 145.03095	 131.86850
 227	1	 269.51426	 37.12716	 226.61265
 228	1	 35.57823	 67.12810	 293.91033
 229	1	 90.27919	 144.80379	 134.73010
 230	1	 123.78367	 91.77529	 222.10065
 231	1	 141.35399	 66.49252	 242.76598
 232	1	 139.62085	 43.65298	 181.13921
 233	1	 220.78094	 66.72923	 116.07505
 234	1	 148.51094	 40.71377	 270.70169
 235	1	 320.94216	 114.75904	 26.04065
 236	1	 220.02541	 114.53032	 156.26614
 237	1	 269.61711	 36.03101	 224.25581
 238	1	 217.66564	 140.43387	 95.94147
 239	1	 266.26510	 144.88479	 135.79914
 240	1	 218.87822	 66.14158	 23.93166
 241	1	 305.61274	 88.09941	 313.27783
 242	1	 155.72609	 51.45600	 248.28867
 243	1	 125.75444	 147.87616	 241.32162
 244	1	 90.39173	 34.77484	 223.14444
 245	1	 321.48125	 113.53424	 206.88807
 246	1	 228.69914	 105.89956	 232.33938
 247	1	 216.75412	 115.67932	 59.88091
 248	1	 238.41515	 36.58875	 329.75456
 249	1	 215.16389	 137.77727	 86.11758
 250	1	 57.10147	 75.61070	 215.04689
 251	1	 29.97207	 119.83514	 338.59332
 252	1	 139.73571	 68.37571	 329.79360
 253	1	 269.33196	 147.20953	 313.26485
 254	1	 88.35706	 36.40079	 315.89551
 255	1	 320.69370	 53.21685	 0.07248
 256	1	 318.16397	 116.04280	 296.81567
 257	1	 144.08553	 113.55167	 204.33997
 258	1	 318.01925	 112.74516	 26.12473
 259	1	 37.90822	 113.48452	 63.00939
 260	1	 325.31867	 68.73895	 242.17549
 261	1	 36.91610	 63.64337	 293.62196
 262	1	 31.67954	 137.19220	 90.07015
 263	1	 54.81996	 40.17275	 153.55296
 264	1	 37.61702	 65.62139	 116.84680
 265	1	 56.23923	 141.09754	 24.72378
 266	1	 324.33443	 43.94920	 175.54705
 267	1	 138.32257	 112.81648	 205.32953
 268	1	 218.38539	 113.91761	 244.13368
 269	1	 268.98642	 36.84410	 45.75402
 270	1	 43.13770	 113.11143	 331.59827
 271	1	 125.28600	 92.08596	 223.69742
 272	1	 125.82168	 75.72333	 245.48211
 273	1	 324.42857	 135.33964	 270.02156
 274	1	 37.97915	 65.31756	 115.39449
 275	1	 318.57668	 111.87014	 297.09669
 276	1	 56.15786	 32.57955	 146.58953
 277	1	 321.58246	 132.44966	 179.42786
 278	1	 87.96639	 146.20771	 316.71186
 279	1	 275.17582	 36.39142	 224.45858
 280	1	 60.74407	 75.43859	 214.58167
 281	1	 38.09298	 110.74415	 154.27878
 282	1	 125.51811	 86.01564	 312.69990
 283	1	 142.85050	 64.40814	 64.29155
 284	1	 33.38028	 50.66720	 92.00845
 285	1	 29.36428	 46.56054	 270.73035
 286	1	 141.93531	 43.07204	 94.42402
 287	1	 146.73311	 110.67246	 294.70591
 288	1	 324.01420	 134.44590	 7.79860
 289	1	 89.51207	 144.72585	 43.67411
 290	1	 220.03044	 64.17273	 115.99509
 291	1	 127.86371	 69.31148	 332.44681
 292	1	 196.89152	 115.73313	 66.57243
 293	1	 139.24779	 63.32122	 336.47459
 294	1	 41.48270	 112.84694	 242.98842
 295	1	 91.50404	 142.07788	 135.43368
 296	1	 323.34122	 64.76331	 64.50012
 297	1	 216.07290	 68.73100	 22.16048
 298	1	 140.40095	 69.55831	 244.24744
 299	1	 321.60049	 64.60322	 240.43821
 300	1	 333.04430	 123.68688	 107.49169
 301	1	 304.08044	 89.00347	 40.60650
 302	1	 271.99899	 143.36205	 130.90189
 303	1	 271.98053	 35.66587	 312.31789
 304	1	 215.53034	 113.57389	 154.63273
 305	1	 220.94535	 65.27506	 115.22614
 306	1	 142.48184	 49.55233	 186.47562
 307	1	 90.33660	 142.62096	 318.37875
 308	1	 271.50738	 33.39147	 45.72511
 309	1	 235.17490	 110.89098	 151.07918
 310	1	 207.43551	 121.51824	 168.62167
 311	1	 93.08548	 142.73359	 224.68682
 312	1	 309.02537	 91.16485	 133.82443
 313	1	 150.15277	 140.85516	 269.44535
 314	1	 329.40233	 41.80748	 92.45945
 315	1	 211.97204	 45.65335	 261.30412
 316	1	 32.78415	 49.29374	 267.40123
 317	1	 40.18131	 70.99574	 25.75115
 318	1	 213.87284	 133.95937	 357.86515
 319	1	 273.76339	 148.56790	 133.47032
 320	1	 320.97300	 65.85879	 156.20672
 321	1	 219.74838	 68.50629	 115.10384
 322	1	 221.27910	 115.92158	 64.13750
 323	1	 40.26916	 65.28511	 115.89389
 324	1	 129.83159	 100.99547	 210.88013
 325	1	 240.77000	 34.87394	 68.17031
 326	1	 220.36456	 65.98052	 25.01817
 327	1	 333.13067	 118.22362	 288.17023
 328	1	 321.14248	 118.91751	 24.95966
 329	1	 143.30020	 42.58287	 87.47447
 330	1	 89.20878	 145.28334	 220.21924
 331	1	 267.92682	 140.96090	 44.42276
 332	1	 121.55526	 100.94043	 210.47217
 333	1	 269.95271	 145.18965	 136.58988
 334	1	 139.20796	 68.08355	 152.51182
 335	1	 38.82812	 66.46498	 204.14930
 336	1	 231.88459	 105.75128	 48.49714
 337	1	 271.44643	 36.18626	 226.18890
 338	1	 121.59806	 91.72818	 44.98206
 339	1	 138.92967	 111.24846	 205.12491
 340	1	 35.65624	 112.04772	 240.98659
 341	1	 272.44214	 34.29115	 312.06414
 342	1	 88.59108	 144.26261	 316.15327
 343	1	 203.00798	 115.60151	 74.02056
 344	1	 319.13660	 112.10859	 25.41264
 345	1	 320.62715	 114.48828	 112.12003
 346	1	 36.09473	 64.81190	 115.87740
 347	1	 140.30743	 110.19935	 28.46972
 348	1	 321.80233	 114.49846	 297.61068
 349	1	 319.00802	 65.58674	 63.42410
 350	1	 320.66104	 113.62206	 120.73772
 351	1	 271.37370	 143.15248	 132.43630
 352	1	 322.85490	 65.35913	 63.38690
 353	1	 39.98612	 114.95300	 334.23546
 354	1	 214.01444	 112.75189	 152.90770
 355	1	 92.93610	 31.65527	 225.22330
 356	1	 271.29755	 36.46084	 314.09312
 357	1	 52.72154	 83.60773	 127.57708
 358	1	 31.93984	 43.68100	 358.18497
 359	1	 216.41206	 46.34308	 176.35983
 360	1	 210.03444	 121.46393	 343.95131
 361	1	 325.70392	 139.48526	 358.76271
 362	1	 140.22049	 112.01030	 207.03625
 363	1	 40.80272	 109.91492	 60.88355
 364	1	 92.16667	 37.48340	 224.74440
 365	1	 117.05266	 140.17441	 66.66614
 366	1	 218.32658	 116.54077	 149.79474
 367	1	 37.63581	 71.28239	 298.92298
 368	1	 91.40046	 39.64479	 43.31824
 369	1	 214.43655	 113.13902	 63.13476
 370	1	 89.63154	 142.26286	 134.65798
 371	1	 140.61612	 66.20212	 240.24829
 372	1	 34.63883	 135.69129	 267.37597
 373	1	 271.75506	 142.96483	 318.48922
 374	1	 221.33423	 67.17179	 207.33838
 375	1	 43.80750	 113.39596	 333.51881
 376	1	 37.56109	 116.75832	 64.13476
 377	1	 211.68451	 123.06209	 339.61850
 378	1	 320.72319	 62.79016	 331.41279
 379	1	 222.40488	 114.09314	 153.74679
 380	1	 124.43260	 88.09484	 225.35895
 381	1	 38.61761	 110.65943	 245.82608
 382	1	 210.22867	 115.18882	 348.18907
 383	1	 318.04722	 111.25710	 119.69887
 384	1	 267.86217	 38.28683	 44.64539
 385	1	 130.62829	 92.63913	 314.28776
 386	1	 219.53556	 115.23542	 60.35462
 387	1	 302.86968	 77.66028	 235.82654
 388	1	 55.34345	 89.92625	 45.75039
 389	1	 88.45154	 35.99685	 135.11029
 390	1	 145.89603	 133.80607	 93.78378
 391	1	 94.54991	 40.43992	 229.56575
 392	1	 221.19159	 113.03459	 64.34822
 393	1	 141.73685	 64.18878	 333.03984
 394	1	 218.47734	 67.62243	 294.07810
 395	1	 270.06215	 33.68209	 225.23850
 396	1	 210.44631	 47.96973	 358.95434
 397	1	 39.22419	 69.77361	 301.59057
 398	1	 139.04007	 65.97811	 154.90415
 399	1	 317.87275	 66.59188	 333.68429
 400	1	 322.17261	 113.91149	 27.12435
 401	1	 29.21690	 126.78957	 161.69912
 402	1	 138.84379	 119.50645	 290.66350
 403	1	 268.41762	 146.47801	 315.08900
 404	1	 327.10773	 134.39400	 178.94211
 405	1	 36.87138	 40.76838	 89.14902
 406	1	 220.28225	 65.42005	 207.01361
 407	1	 39.39708	 69.07355	 28.33884
 408	1	 124.76044	 144.07498	 157.40215
 409	1	 237.46726	 140.13041	 205.24501
 410	1	 142.61485	 112.62917	 298.57043
 411	1	 221.38202	 65.90895	 205.49537
 412	1	 94.16673	 142.98724	 48.86004
 413	1	 144.79879	 50.91156	 0.81263
 414	1	 88.61020	 38.95298	 48.69089
 415	1	 221.53973	 113.93334	 60.33293
 416	1	 68.00070	 36.67246	 57.30817
 417	1	 300.27929	 42.91623	 25.28737
 418	1	 271.15342	 144.29681	 46.45114
 419	1	 21.93967	 49.74662	 283.70210
 420	1	 305.65147	 30.67574	 118.85266
 421	1	 141.00050	 66.13543	 246.70646
 422	1	 218.31383	 113.81458	 331.95721
 423	1	 269.95374	 141.27268	 45.95782
 424	1	 125.15813	 86.76164	 226.49091
 425	1	 142.39106	 133.76109	 8.06198
 426	1	 40.39961	 61.37251	 114.33850
 427	1	 207.52988	 122.97533	 75.96075
 428	1	 271.88635	 143.67379	 131.36006
 429	1	 273.32036	 36.04407	 222.73970
 430	1	 220.23580	 66.89865	 25.92781
 431	1	 32.55452	 125.55890	 241.04553
 432	1	 140.70571	 63.14502	 334.48894
 433	1	 213.26919	 47.27038	 359.53193
 434	1	 303.93733	 81.83807	 56.78656
 435	1	 141.22209	 112.29627	 23.51940
 436	1	 154.33320	 64.19334	 66.34819
 437	1	 222.65401	 68.19545	 294.29707
 438	1	 271.91104	 144.90584	 47.65686
 439	1	 233.42570	 32.75459	 244.18851
 440	1	 274.12536	 144.13745	 45.44406
 441	1	 144.52368	 115.08649	 24.56862
 442	1	 266.71725	 141.51265	 313.87901
 443	1	 270.96277	 140.63356	 230.87670
 444	1	 265.82352	 36.60702	 223.58749
 445	1	 140.88379	 66.74574	 63.48928
 446	1	 86.38459	 141.95900	 315.42881
 447	1	 40.35032	 115.09187	 334.20600
 448	1	 90.11898	 144.61304	 46.90824
 449	1	 54.91373	 146.03886	 20.94702
 450	1	 273.31378	 150.33083	 317.35717
 451	1	 139.17619	 118.02627	 298.35162
 452	1	 320.68477	 68.81574	 242.25418
 453	1	 136.01283	 67.54541	 152.41553
 454	1	 216.49255	 52.94544	 88.78446
 455	1	 306.03829	 90.30310	 229.97905
 456	1	 38.69274	 66.67574	 295.79713
 457	1	 320.20288	 68.04927	 334.11430
 458	1	 271.77521	 144.26755	 47.22176
 459	1	 150.76887	 45.16116	 89.23377
 460	1	 57.72806	 89.20026	 224.87803
 461	1	 301.99858	 95.66971	 224.70950
 462	1	 31.78104	 135.45055	 270.25775
 463	1	 93.45155	 38.19678	 134.43904
 464	1	 216.84888	 47.64390	 2.00483
 465	1	 218.60209	 115.79397	 245.21291
 466	1	 301.42474	 75.55190	 56.62641
 467	1	 239.83464	 34.99178	 64.66025
 468	1	 54.10689	 88.38891	 227.89493
 469	1	 148.29532	 41.49592	 184.00731
 470	1	 148.37564	 42.70739	 178.79973
 471	1	 141.43093	 113.56165	 117.51951
 472	1	 141.60989	 115.76295	 119.33430
 473	1	 237.23556	 42.37077	 331.64611
 474	1	 89.39779	 36.70438	 225.32773
 475	1	 272.37856	 147.50982	 44.14884
 476	1	 142.44897	 66.35978	 64.65654
 477	1	 219.67510	 64.84241	 116.48811
 478	1	 88.03519	 143.96905	 315.96278
 479	1	 207.77987	 119.75724	 341.28312
 480	1	 139.83064	 114.26124	 300.44982
 481	1	 304.26005	 71.59562	 55.18678
 482	1	 22.32835	 121.33146	 346.12219
 483	1	 267.90619	 145.62227	 132.58055
 484	1	 123.56607	 90.39138	 46.12172
 485	1	 40.15277	 118.33649	 66.84974
 486	1	 218.17961	 67.71199	 114.29807
 487	1	 217.60636	 108.99894	 157.50423
 488	1	 205.54248	 122.32227	 254.60687
 489	1	 331.76588	 133.79106	 265.12780
 490	1	 42.03723	 117.14287	 242.68113
 491	1	 38.85740	 112.13810	 65.61151
 492	1	 318.92826	 67.21946	 151.31150
 493	1	 146.33168	 46.08924	 266.75231
 494	1	 88.46304	 33.79562	 220.27338
 495	1	 221.52544	 66.65662	 25.54627
 496	1	 140.04080	 115.65906	 205.53643
 497	1	 88.97127	 142.92221	 45.79651
 498	1	 219.55455	 111.54106	 153.95845
 499	1	 41.96968	 113.61375	 246.11729
 500	1	 63.20854	 37.86802	 154.86077
 501	1	 37.11183	 65.46259	 19.64517
 502	1	 307.49610	 89.92310	 316.39474
 503	1	 122.02429	 89.30497	 224.32211
 504	1	 219.21418	 115.14457	 64.52075
 505	1	 202.24919	 121.90960	 164.77485
 506	1	 270.01193	 147.14613	 138.59651
 507	1	 215.24262	 47.12096	 352.68673
 508	1	 140.17022	 134.77990	 353.27408
 509	1	 240.40889	 137.55222	 292.51343
 510	1	 317.53924	 115.90537	 118.38992
 511	1	 39.11707	 68.98587	 203.50479
 512	1	 145.17622	 62.12865	 68.41673
 513	1	 118.40383	 147.99974	 338.07377
 514	1	 271.46381	 143.93005	 318.35735
 515	1	 300.88068	 74.99447	 237.63150
 516	1	 138.12182	 63.23757	 242.29835
 517	1	 223.59694	 42.96131	 331.23631
 518	1	 320.13373	 118.55079	 117.11487
 519	1	 34.25977	 48.27213	 91.48363
 520	1	 138.97234	 115.43264	 121.76148
 521	1	 88.65571	 35.40216	 42.50762
 522	1	 92.98260	 37.43925	 135.75432
 523	1	 223.01835	 111.90126	 65.59129
 524	1	 220.41551	 63.29745	 207.96670
 525	1	 334.25647	 124.14361	 16.58753
 526	1	 40.17449	 68.14875	 295.07793
 527	1	 37.46628	 112.30849	 153.72728
 528	1	 320.02035	 63.49111	 339.57791
 529	1	 326.49741	 136.68389	 0.32447
 530	1	 307.11115	 71.57522	 240.58626
 531	1	 122.19778	 90.03923	 313.83436
 532	1	 140.81491	 69.61052	 151.50617
 533	1	 138.23580	 113.06956	 115.72316
 534	1	 301.31086	 90.47460	 36.05917
 535	1	 219.30773	 61.03454	 110.19864
 536	1	 219.98502	 111.71417	 239.42699
 537	1	 320.67815	 116.23836	 204.94403
 538	1	 238.07232	 97.26908	 149.32100
 539	1	 320.48835	 118.66121	 116.28753
 540	1	 145.46348	 114.67905	 295.82101
 541	1	 29.61064	 52.27560	 107.73925
 542	1	 219.82968	 65.90816	 209.92399
 543	1	 139.60372	 113.03249	 295.50015
 544	1	 59.88766	 151.95966	 208.05744
 545	1	 36.98669	 64.41615	 117.23880
 546	1	 133.99718	 70.57249	 151.66721
 547	1	 131.47875	 73.95010	 327.21737
 548	1	 143.93334	 66.45513	 331.21898
 549	1	 305.86758	 102.32360	 306.60618
 550	1	 144.61101	 115.31983	 119.96158
 551	1	 120.40836	 148.52685	 158.25702
 552	1	 328.75915	 43.33999	 176.98778
 553	1	 139.46757	 116.43636	 295.31156
 554	1	 130.40396	 82.18802	 315.62512
 555	1	 121.22374	 90.18559	 225.98259
 556	1	 87.32504	 36.08293	 44.51422
 557	1	 272.04924	 35.44165	 46.38775
 558	1	 143.26099	 50.46442	 180.68220
 559	1	 218.68320	 114.99175	 243.53189
 560	1	 155.04115	 62.32759	 342.87090
 561	1	 268.05494	 146.15460	 226.40764
 562	1	 217.51168	 62.56962	 295.53756
 563	1	 93.06627	 32.93196	 46.06404
 564	1	 217.12509	 64.53394	 296.47918
 565	1	 231.54359	 87.01299	 313.66838
 566	1	 316.03672	 102.35920	 32.42081
 567	1	 329.52981	 40.64816	 0.77066
 568	1	 311.93833	 69.40302	 232.77324
 569	1	 38.34611	 64.24372	 28.63332
 570	1	 216.80305	 111.16023	 63.54945
 571	1	 267.65966	 32.65169	 45.26942
 572	1	 318.84982	 113.45970	 297.74121
 573	1	 58.56802	 70.26711	 33.65476
 574	1	 90.34818	 31.18760	 320.42702
 575	1	 35.11523	 65.91064	 24.14884
 576	1	 143.61137	 114.24597	 29.24872
 577	1	 35.40599	 114.40478	 154.85783
 578	1	 142.17857	 69.10636	 151.15478
 579	1	 268.30622	 33.30920	 40.43997
 580	1	 39.49479	 111.11248	 63.16931
 581	1	 43.27637	 114.10079	 156.01915
 582	1	 335.55137	 123.98024	 288.28575
 583	1	 55.05399	 72.25156	 37.31070
 584	1	 120.97269	 142.41084	 332.62446
 585	1	 140.74461	 113.74098	 204.14149
 586	1	 40.32130	 115.18109	 238.78081
 587	1	 216.91474	 66.39888	 295.07589
 588	1	 146.50653	 134.93977	 183.66086
 589	1	 89.88944	 37.40481	 230.62090
 590	1	 320.44058	 43.28058	 93.81599
 591	1	 40.73735	 111.45151	 154.46633
 592	1	 271.97272	 29.79741	 225.41628
 593	1	 271.78970	 37.49990	 44.04922
 594	1	 270.00603	 146.36494	 228.22638
 595	1	 202.06257	 129.40679	 344.01535
 596	1	 39.05785	 66.49043	 206.83798
 597	1	 124.97389	 92.72238	 44.72300
 598	1	 304.82863	 74.25818	 230.54886
 599	1	 35.97483	 112.98513	 244.43334
 600	1	 221.25367	 66.28255	 115.11724
 601	1	 216.23705	 112.66551	 62.98764
 602	1	 304.26525	 70.08747	 326.15672
 603	1	 211.59990	 46.23976	 182.93682
 604	1	 220.61161	 41.58883	 91.90045
 605	1	 39.63115	 65.64335	 27.30349
 606	1	 145.33325	 46.44669	 0.00325
 607	1	 218.32259	 112.95096	 333.74346
 608	1	 266.97945	 140.74099	 45.89535
 609	1	 319.45054	 67.42152	 151.38436
 610	1	 229.80409	 107.97129	 58.37976
 611	1	 319.30294	 118.40083	 204.72368
 612	1	 317.90342	 65.98736	 334.19142
 613	1	 323.44203	 114.61005	 203.46095
 614	1	 271.33116	 36.87657	 224.65005
 615	1	 40.29435	 67.04538	 297.35555
 616	1	 320.41176	 64.71048	 153.19033
 617	1	 319.46827	 67.09247	 334.16219
 618	1	 40.11401	 116.08233	 62.89425
 619	1	 203.85440	 49.50783	 292.63313
 620	1	 220.09813	 115.50355	 151.24247
 621	1	 325.23616	 115.79483	 208.09294
 622	1	 130.72783	 92.09813	 44.85345
 623	1	 144.68101	 45.41465	 269.83955
 624	1	 215.28030	 53.48337	 87.40229
 625	1	 269.37842	 37.40672	 131.49648
 626	1	 203.87474	 121.24321	 158.57012
 627	1	 141.62339	 116.12981	 111.82635
 628	1	 63.58727	 139.40970	 112.08331
 629	1	 137.15328	 71.69404	 239.14434
 630	1	 33.16751	 135.29144	 88.52227
 631	1	 218.92883	 109.32469	 61.63552
 632	1	 41.68588	 112.98303	 152.75741
 633	1	 271.55502	 35.16137	 225.24491
 634	1	 323.74265	 112.17098	 25.96200
 635	1	 215.95256	 44.99839	 271.40788
 636	1	 319.79607	 141.63931	 90.01508
 637	1	 19.73898	 116.52828	 161.83410
 638	1	 38.02319	 111.75875	 334.18141
 639	1	 33.61053	 135.10147	 176.29093
 640	1	 218.18260	 132.78026	 351.67596
 641	1	 147.97496	 44.43212	 88.44676
 642	1	 317.60870	 67.62619	 64.47894
 643	1	 88.55161	 143.86699	 315.63061
 644	1	 299.83876	 79.91340	 235.07023
 645	1	 55.33982	 144.23459	 22.64843
 646	1	 141.54650	 65.50392	 333.54173
 647	1	 216.06651	 133.97082	 267.02668
 648	1	 272.89924	 34.52854	 222.21463
 649	1	 267.87086	 142.19109	 47.84263
 650	1	 230.54852	 109.67124	 53.91651
 651	1	 219.98753	 117.42397	 336.05796
 652	1	 309.17719	 88.89389	 48.48515
 653	1	 57.82390	 90.66296	 48.00991
 654	1	 37.96180	 62.95044	 31.04677
 655	1	 205.27406	 57.19329	 15.51408
 656	1	 141.66196	 113.02042	 206.52937
 657	1	 126.73909	 91.02318	 223.08075
 658	1	 326.10201	 54.71082	 1.35782
 659	1	 32.77358	 46.24699	 268.23750
 660	1	 239.96287	 92.09894	 222.17415
 661	1	 143.53637	 67.13317	 243.82855
 662	1	 127.34136	 106.82579	 215.58017
 663	1	 324.55025	 63.35147	 243.40966
 664	1	 216.63885	 115.85380	 331.61294
 665	1	 127.40893	 103.26399	 218.30174
 666	1	 318.87780	 66.12050	 156.85854
 667	1	 52.77681	 88.47137	 139.91987
 668	1	 219.05318	 63.08995	 112.38466
 669	1	 320.31395	 70.08517	 241.88165
 670	1	 226.46536	 115.27572	 243.57556
 671	1	 304.18455	 93.91101	 41.41706
 672	1	 236.17429	 39.44181	 66.11400
 673	1	 35.78680	 60.64665	 206.28500
 674	1	 218.04922	 113.82721	 150.69063
 675	1	 140.99839	 116.68847	 293.88390
 676	1	 51.45431	 33.51363	 62.22825
 677	1	 141.51113	 112.78537	 207.64598
 678	1	 37.51985	 115.82604	 332.29527
 679	1	 44.62249	 119.86689	 332.17257
 680	1	 237.90079	 143.70645	 116.05026
 681	1	 323.38070	 115.02988	 116.82653
 682	1	 321.11312	 66.77528	 334.03861
 683	1	 218.38370	 66.43567	 26.79875
 684	1	 89.65787	 36.68924	 39.32951
 685	1	 143.58591	 62.37613	 154.97415
 686	1	 321.17429	 113.83960	 25.36032
 687	1	 317.55098	 61.63660	 65.11833
 688	1	 217.40250	 132.01830	 1.12014
 689	1	 140.53630	 64.96056	 158.36129
 690	1	 38.59712	 66.08486	 297.37389
 691	1	 319.14267	 67.54618	 334.37557
 692	1	 323.44412	 64.30780	 336.14691
 693	1	 322.50033	 62.32293	 243.35489
 694	1	 239.74363	 141.70578	 113.20225
 695	1	 326.37776	 127.96417	 108.70325
 696	1	 63.27145	 33.17158	 330.38238
 697	1	 323.30407	 62.33505	 63.56117
 698	1	 216.23642	 63.07889	 208.24003
 699	1	 222.21264	 66.80473	 118.28536
 700	1	 41.35237	 111.84321	 332.51881
 701	1	 119.98102	 90.08124	 315.63355
 702	1	 221.70494	 115.10354	 339.06874
 703	1	 57.74021	 85.82926	 133.79730
 704	1	 321.31832	 115.80468	 207.79321
 705	1	 337.82057	 115.99295	 20.45409
 706	1	 90.56962	 37.48215	 314.38149
 707	1	 87.69948	 33.60903	 313.88090
 708	1	 215.37451	 109.87849	 332.08808
 709	1	 319.83312	 113.82515	 201.13721
 710	1	 219.68577	 112.20000	 240.88509
 711	1	 144.20435	 115.96559	 293.24833
 712	1	 216.71911	 64.67882	 113.01960
 713	1	 85.83925	 36.96993	 41.40930
 714	1	 242.03275	 146.60938	 295.19530
 715	1	 307.87358	 90.25014	 46.81360
 716	1	 37.57576	 42.10788	 181.57083
 717	1	 90.24254	 32.65559	 45.98985
 718	1	 39.71584	 115.46501	 63.63349
 719	1	 131.96898	 112.09306	 34.11683
 720	1	 23.89714	 56.69847	 290.98884
 721	1	 138.11913	 114.74103	 292.43592
 722	1	 231.07981	 134.81200	 28.51230
 723	1	 36.46688	 67.61694	 203.91118
 724	1	 26.39366	 59.89354	 106.78473
 725	1	 37.60606	 66.97126	 114.10704
 726	1	 131.46135	 89.05664	 45.36529
 727	1	 218.22305	 118.21878	 242.35506
 728	1	 92.35520	 144.72132	 45.43569
 729	1	 308.36486	 76.15745	 229.61209
 730	1	 320.68551	 113.45519	 208.12245
 731	1	 321.55357	 65.20198	 335.85201
 732	1	 89.94995	 143.99546	 139.58381
 733	1	 320.43142	 115.73236	 118.26832
 734	1	 137.48468	 65.90176	 333.49172
 735	1	 321.84306	 61.86322	 62.12653
 736	1	 322.63606	 115.27696	 296.58389
 737	1	 41.78259	 65.71828	 295.70991
 738	1	 206.32467	 60.97764	 106.00550
 739	1	 269.37759	 33.94850	 225.21526
 740	1	 220.12779	 66.35801	 204.45899
 741	1	 222.06697	 65.34779	 294.37806
 742	1	 305.18334	 93.06818	 136.38684
 743	1	 53.28029	 89.78529	 138.04247
 744	1	 146.34520	 47.76482	 90.52382
 745	1	 129.67016	 108.37913	 34.24958
 746	1	 327.97556	 125.67035	 290.52713
 747	1	 140.97962	 115.36737	 27.84731
 748	1	 141.67227	 137.51819	 2.72531
 749	1	 269.54642	 145.48221	 224.48532
 750	1	 139.90590	 113.76613	 207.46560
 751	1	 23.00163	 122.20808	 71.86332
 752	1	 131.86303	 116.34601	 297.75584
 753	1	 326.09181	 46.21375	 177.75850
 754	1	 317.02857	 113.28732	 28.38644
 755	1	 57.60568	 93.96969	 42.81839
 756	1	 123.20678	 147.18278	 242.33449
 757	1	 219.27006	 117.12809	 245.31772
 758	1	 39.45751	 66.33265	 116.96393
 759	1	 52.24608	 89.48636	 133.87541
 760	1	 310.02180	 105.14902	 29.80678
 761	1	 124.59625	 86.66098	 44.16731
 762	1	 221.40318	 63.18835	 295.57310
 763	1	 35.19740	 62.45297	 117.40576
 764	1	 222.32286	 66.61428	 22.44231
 765	1	 239.96206	 146.87656	 33.61614
 766	1	 51.71630	 74.75230	 123.93090
 767	1	 217.63458	 134.99814	 271.54180
 768	1	 272.42684	 31.31775	 138.94831
 769	1	 217.72068	 114.44992	 64.93937
 770	1	 214.38522	 48.67531	 95.64460
 771	1	 142.44735	 71.25706	 332.23132
 772	1	 39.83102	 134.63785	 273.71884
 773	1	 58.60609	 136.27921	 26.96288
 774	1	 212.54099	 41.51309	 269.13559
 775	1	 312.99193	 92.03736	 45.01654
 776	1	 221.30950	 114.54544	 332.94885
 777	1	 139.22949	 64.93757	 240.53059
 778	1	 139.46277	 66.58410	 333.87008
 779	1	 147.07991	 43.40032	 180.14896
 780	1	 32.51867	 120.50064	 254.80597
 781	1	 319.59913	 115.42313	 24.01096
 782	1	 38.48577	 119.85608	 62.45199
 783	1	 86.71862	 142.82267	 46.46590
 784	1	 319.03214	 67.75676	 333.79575
 785	1	 89.22737	 36.13040	 223.53154
 786	1	 141.75792	 113.39686	 205.70103
 787	1	 216.56214	 117.17748	 334.32537
 788	1	 86.02954	 38.85953	 46.44071
 789	1	 55.54542	 89.52459	 49.11711
 790	1	 122.39037	 72.40977	 327.62507
 791	1	 267.17470	 146.63071	 134.78454
 792	1	 89.46429	 143.53302	 45.06771
 793	1	 156.74730	 55.28827	 248.07963
 794	1	 38.29252	 67.77896	 292.79556
 795	1	 295.93922	 33.96073	 204.47460
 796	1	 143.43362	 115.07581	 297.85026
 797	1	 270.27739	 147.09906	 224.66409
 798	1	 323.86107	 111.89599	 117.87112
 799	1	 36.06344	 69.13109	 300.30020
 800	1	 220.89860	 112.84071	 243.67184
 801	1	 38.26296	 66.63012	 298.39113
 802	1	 140.35145	 117.15407	 115.37189
 803	1	 90.24741	 30.68248	 223.98504
 804	1	 322.38120	 65.60775	 242.38578
 805	1	 272.84211	 144.58500	 135.70282
 806	1	 320.57728	 69.98899	 332.25649
 807	1	 269.40020	 40.72804	 134.55090
 808	1	 203.56972	 122.19615	 246.92054
 809	1	 83.05299	 31.58664	 133.66571
 810	1	 274.90627	 145.17264	 40.96474
 811	1	 269.63647	 148.21312	 224.64133
 812	1	 320.60000	 66.61225	 149.73255
 813	1	 219.33990	 67.83020	 116.08895
 814	1	 218.42557	 109.15850	 240.28530
 815	1	 268.65573	 32.86139	 229.15511
 816	1	 125.05068	 74.25065	 327.90880
 817	1	 26.44767	 58.74948	 204.24026
 818	1	 144.02622	 66.05613	 65.02684
 819	1	 39.13414	 62.64375	 295.08634
 820	1	 139.94134	 112.46995	 205.79170
 821	1	 303.57942	 33.84941	 292.84377
 822	1	 52.49270	 44.04338	 335.82606
 823	1	 304.49584	 38.89764	 205.17240
 824	1	 25.98919	 122.79899	 344.39509
 825	1	 219.72531	 112.22069	 64.63787
 826	1	 220.49393	 115.12488	 60.27860
 827	1	 328.56194	 66.12764	 66.61794
 828	1	 321.87272	 66.75021	 151.83803
 829	1	 225.77306	 114.86316	 65.52466
 830	1	 88.95495	 144.95537	 136.18707
 831	1	 33.60243	 44.88747	 180.15423
 832	1	 53.33908	 72.07157	 121.01900
 833	1	 271.80150	 31.26809	 226.96970
 834	1	 307.82953	 76.77340	 240.21051
 835	1	 45.35610	 134.43141	 91.18118
 836	1	 242.68052	 144.47292	 115.70790
 837	1	 31.91274	 44.39727	 359.63450
 838	1	 322.46874	 36.16700	 358.86882
 839	1	 123.51760	 87.05835	 220.64205
 840	1	 305.32106	 38.00762	 23.18222
 841	1	 39.33798	 141.02110	 91.87538
 842	1	 200.67722	 127.43058	 69.18091
 843	1	 216.68494	 114.03291	 150.02231
 844	1	 59.52518	 43.48791	 61.88349
 845	1	 216.16577	 109.99871	 156.13845
 846	1	 232.89193	 90.31123	 131.53924
 847	1	 38.21641	 64.62971	 297.79444
 848	1	 322.45696	 68.69309	 153.78867
 849	1	 323.51313	 66.79935	 243.23918
 850	1	 139.78767	 39.85156	 178.17526
 851	1	 317.25303	 62.59709	 68.22379
 852	1	 267.88206	 144.71996	 224.37021
 853	1	 307.59068	 93.98480	 225.33844
 854	1	 320.37192	 109.47203	 207.67502
 855	1	 35.86744	 132.94527	 0.28173
 856	1	 205.62129	 55.98639	 23.41546
 857	1	 325.07326	 40.12895	 1.40485
 858	1	 322.70180	 139.12337	 175.16305
 859	1	 59.90550	 149.28682	 204.42980
 860	1	 39.88488	 114.38554	 155.98867
 861	1	 270.46328	 141.11004	 45.40005
 862	1	 86.51670	 36.16950	 44.83575
 863	1	 323.54536	 114.89856	 116.95734
 864	1	 37.02270	 114.51556	 337.78546
 865	1	 322.47539	 69.21261	 334.06029
 866	1	 62.03895	 151.12913	 119.61616
 867	1	 324.50676	 117.81682	 116.56226
 868	1	 64.87919	 141.00122	 20.34634
 869	1	 30.67498	 116.34320	 334.09359
 870	1	 320.56813	 68.17205	 152.88630
 871	1	 270.51311	 33.40945	 44.74702
 872	1	 324.04579	 49.86294	 0.94196
 873	1	 220.10705	 66.20362	 203.26662
 874	1	 221.70376	 61.24308	 296.24695
 875	1	 318.41122	 63.46279	 334.16561
 876	1	 40.02587	 65.91646	 120.23179
 877	1	 26.36185	 46.98213	 268.07065
 878	1	 91.75099	 143.81719	 226.56753
 879	1	 322.81871	 115.77641	 29.84793
 880	1	 41.23036	 113.44123	 154.37197
 881	1	 37.38371	 63.89724	 118.13511
 882	1	 301.18598	 90.90540	 311.38860
 883	1	 145.53158	 47.98570	 178.81969
 884	1	 273.57480	 36.20473	 222.77718
 885	1	 321.55908	 69.96108	 334.35706
 886	1	 122.07759	 146.69893	 154.86223
 887	1	 39.87011	 66.18047	 115.24373
 888	1	 271.19534	 143.88992	 133.62440
 889	1	 270.79722	 144.28095	 310.13413
 890	1	 40.07139	 110.76221	 331.75203
 891	1	 306.96300	 34.17377	 204.82072
 892	1	 330.27314	 138.34310	 177.34287
 893	1	 89.05135	 143.53156	 44.19338
 894	1	 144.47458	 136.16899	 271.31466
 895	1	 91.71216	 143.33615	 133.28868
 896	1	 244.14927	 145.59387	 111.23205
 897	1	 91.06209	 147.16937	 315.24245
 898	1	 88.98260	 34.64943	 134.10609
 899	1	 306.11780	 91.92897	 139.10581
 900	1	 43.06807	 66.96209	 205.50876
 901	1	 91.89160	 140.44241	 315.11454
 902	1	 232.03187	 37.14321	 244.95873
 903	1	 130.24179	 92.97008	 225.37986
 904	1	 129.01767	 86.31196	 47.84794
 905	1	 270.84047	 145.05513	 312.30399
 906	1	 90.39857	 148.16819	 310.07220
 907	1	 37.40225	 114.83852	 338.80552
 908	1	 36.95944	 42.83208	 1.60094
 909	1	 323.60357	 111.32525	 304.05905
 910	1	 87.55511	 143.98632	 224.29555
 911	1	 91.63042	 143.07406	 226.60308
 912	1	 38.25961	 62.79271	 118.42169
 913	1	 244.24247	 143.54426	 302.24321
 914	1	 41.06513	 111.62213	 243.50007
 915	1	 140.39271	 48.54123	 85.72017
 916	1	 232.14267	 93.68077	 46.22546
 917	1	 142.55440	 68.38744	 245.74609
 918	1	 319.40751	 69.42444	 333.92939
 919	1	 215.79406	 65.86996	 206.17501
 920	1	 272.82946	 149.23905	 314.51386
 921	1	 217.56238	 117.69586	 334.45687
 922	1	 53.82593	 93.93158	 136.63283
 923	1	 90.07151	 145.06414	 43.40532
 924	1	 129.34503	 92.29604	 135.88153
 925	1	 320.46478	 111.07453	 205.05574
 926	1	 220.90394	 111.65456	 153.36245
 927	1	 336.99197	 120.09645	 199.68179
 928	1	 139.92227	 112.49880	 111.03237
 929	1	 26.39029	 128.04424	 251.48937
 930	1	 216.73522	 138.05366	 86.89419
 931	1	 56.48139	 84.83639	 225.03994
 932	1	 218.78332	 68.92878	 117.27040
 933	1	 217.91917	 113.15135	 61.42480
 934	1	 272.84395	 37.00916	 134.09124
 935	1	 89.00279	 143.04456	 45.77412
 936	1	 322.27214	 116.10257	 26.76907
 937	1	 39.31128	 62.58071	 120.61508
 938	1	 42.23311	 116.91262	 66.16513
 939	1	 37.63806	 65.31120	 118.20657
 940	1	 221.13825	 110.30319	 153.06946
 941	1	 311.24400	 90.43315	 309.39152
 942	1	 215.12928	 44.98378	 91.41125
 943	1	 139.96891	 111.95350	 23.50279
 944	1	 93.80603	 34.69526	 135.50995
 945	1	 320.43296	 62.79549	 241.96974
 946	1	 31.89834	 137.75408	 357.21042
 947	1	 134.86887	 75.62764	 145.38919
 948	1	 219.04691	 113.57026	 67.07946
 949	1	 323.23267	 63.75824	 247.50676
 950	1	 94.67879	 145.57379	 315.32881
 951	1	 37.35155	 111.40719	 61.99512
 952	1	 33.72731	 67.50983	 209.76940
 953	1	 218.04343	 68.48276	 295.19608
 954	1	 219.24922	 69.28785	 25.70996
 955	1	 271.77624	 35.04288	 225.13893
 956	1	 324.58583	 134.99038	 358.33084
 957	1	 138.85548	 131.21085	 5.85540
 958	1	 237.22617	 108.43549	 146.99179
 959	1	 39.13195	 115.07879	 60.36065
 960	1	 35.85315	 67.20447	 114.66888
 961	1	 322.08819	 130.36134	 172.12742
 962	1	 268.20371	 143.26457	 130.12451
 963	1	 212.27212	 137.28599	 272.04837
 964	1	 92.38966	 33.30527	 44.95349
 965	1	 90.47546	 146.69678	 136.53748
 966	1	 146.95623	 42.63705	 269.41782
 967	1	 322.28120	 117.58190	 292.45822
 968	1	 90.70588	 143.91737	 45.82368
 969	1	 271.19916	 38.26309	 136.86561
 970	1	 335.55643	 122.42413	 104.62525
 971	1	 267.91500	 140.70787	 134.42268
 972	1	 321.93100	 118.86151	 112.44683
 973	1	 87.64997	 34.67901	 135.14093
 974	1	 141.94312	 65.08415	 65.75188
 975	1	 40.41611	 114.22872	 332.70159
 976	1	 94.03250	 36.37657	 138.30574
 977	1	 217.59457	 113.38233	 331.36107
 978	1	 267.42917	 146.11446	 316.71197
 979	1	 90.70889	 34.96936	 313.95566
 980	1	 51.26920	 91.02751	 311.25706
 981	1	 145.13069	 115.18074	 296.12727
 982	1	 142.51876	 135.11614	 180.74814
 983	1	 127.18195	 70.00486	 238.08007
 984	1	 138.05191	 112.18668	 115.88452
 985	1	 59.28809	 144.65294	 297.67693
 986	1	 38.35924	 65.21664	 117.22501
 987	1	 331.68726	 120.68859	 283.92375
 988	1	 37.92289	 110.95094	 153.09149
 989	1	 42.02813	 114.90848	 155.26342
 990	1	 91.40004	 145.96956	 224.65357
 991	1	 219.91531	 68.78608	 28.57593
 992	1	 147.32607	 135.52871	 84.68898
 993	1	 37.59989	 42.18749	 270.63742
 994	1	 323.70604	 116.21973	 295.21255
 995	1	 243.32088	 33.51840	 60.80969
 996	1	 90.30548	 34.05394	 139.76083
 997	1	 56.71647	 143.89954	 293.94800
 998	1	 238.53695	 95.21761	 136.26268
 999	1	 220.46404	 113.50826	 243.11388
1000	1	 267.31103	 140.62661	 137.55714
