   1	1	 222.43596	 65.93430	 118.34429
   2	1	 138.76928	 109.96828	 298.43479
   3	1	 321.26784	 61.81744	 242.20869
   4	1	 97.94535	 25.62586	 102.69157
   5	1	 236.90531	 40.66552	 61.97241
   6	1	 39.95010	 112.88730	 153.07593
   7	1	 151.96229	 59.46812	 339.66350
   8	1	 212.42046	 130.44485	 85.78344
   9	1	 35.36146	 113.35782	 152.00375
  10	1	 29.35293	 118.00124	 343.74687
  11	1	 127.61271	 103.94457	 31.36104
  12	1	 180.57614	 38.13467	 184.74985
  13	1	 143.34501	 132.16764	 269.49736
  14	1	 332.09892	 123.84235	 21.96669
  15	1	 91.84526	 94.06432	 139.99409
  16	1	 326.92899	 134.20333	 89.56293
  17	1	 53.39585	 77.67718	 38.30120
  18	1	 277.51622	 95.93210	 133.53795
  19	1	 266.37393	 90.89568	 42.67832
  20	1	 38.73731	 44.16791	 88.91438
  21	1	 311.10885	 90.83170	 313.99997
  22	1	 122.76825	 107.27294	 211.62182
  23	1	 28.73389	 120.66232	 336.83279
  24	1	 1.99213	 143.11993	 91.63478
  25	1	 83.00023	 178.77136	 141.12900
  26	1	 359.24335	 136.78797	 85.43269
  27	1	 125.33136	 86.83758	 127.93435
  28	1	 66.03134	 172.37454	 127.57646
  29	1	 121.71860	 94.31823	 136.45085
  30	1	 185.12217	 143.85283	 24.00389
  31	1	 77.15750	 65.89306	 213.75056
  32	1	 266.85971	 89.94926	 131.51927
  33	1	 137.63135	 111.86817	 115.62394
  34	1	 124.08255	 93.86447	 132.23979
  35	1	 270.65405	 92.24753	 134.12993
  36	1	 180.02981	 136.04091	 0.25302
  37	1	 139.40267	 46.33663	 262.86297
  38	1	 183.04637	 65.34178	 219.25448
  39	1	 221.47123	 137.89382	 187.78049
  40	1	 174.25826	 138.30710	 271.91960
  41	1	 218.34389	 40.77937	 1.19008
  42	1	 128.59710	 72.74925	 237.71531
  43	1	 109.48516	 120.22365	 220.17346
  44	1	 122.48846	 144.29694	 62.30532
  45	1	 32.31677	 54.43714	 105.50012
  46	1	 232.76109	 110.81482	 147.55298
  47	1	 123.95195	 84.80502	 42.27340
  48	1	 266.83980	 148.75668	 219.90121
  49	1	 36.92412	 111.69381	 68.44945
  50	1	 231.34667	 105.22729	 142.63495
  51	1	 220.05904	 12.02136	 246.13602
  52	1	 87.39903	 88.05676	 223.64381
  53	1	 211.24750	 134.99812	 1.29307
  54	1	 3.71693	 138.99647	 180.07634
  55	1	 319.81020	 68.52502	 243.95759
  56	1	 155.72081	 59.64076	 165.05031
  57	1	 219.81629	 65.42363	 295.51303
  58	1	 317.42931	 162.59532	 92.68332
  59	1	 155.24749	 58.09826	 72.17531
  60	1	 183.99548	 48.51430	 359.62177
  61	1	 116.78350	 167.99705	 325.74465
  62	1	 145.95107	 131.37778	 5.02526
  63	1	 359.94563	 132.94983	 171.83604
  64	1	 62.28017	 14.89750	 355.25800
  65	1	 28.12595	 119.96617	 157.46374
  66	1	 174.90426	 134.28173	 0.55686
  67	1	 272.25671	 39.88221	 40.64918
  68	1	 216.93376	 67.48861	 28.99924
  69	1	 92.68515	 34.61062	 225.29255
  70	1	 4.73087	 161.30301	 165.41095
  71	1	 307.68204	 89.18634	 135.11122
  72	1	 0.21545	 45.25283	 3.16445
  73	1	 183.15805	 47.18536	 93.57387
  74	1	 359.11561	 44.20143	 270.41464
  75	1	 214.40228	 124.54696	 86.68910
  76	1	 19.54738	 4.44674	 181.83867
  77	1	 315.83514	 66.20575	 331.89223
  78	1	 177.14198	 129.83748	 182.98868
  79	1	 358.20468	 45.50295	 180.38489
  80	1	 88.18832	 37.16999	 226.47880
  81	1	 307.52134	 108.85372	 303.31575
  82	1	 270.43477	 91.18202	 319.59656
  83	1	 84.05027	 92.83734	 317.13832
  84	1	 359.93862	 44.06722	 354.47010
  85	1	 89.61275	 143.55652	 226.29243
  86	1	 50.68766	 92.28849	 46.57224
  87	1	 140.67550	 130.48030	 84.01339
  88	1	 37.49052	 136.29526	 96.50000
  89	1	 139.36620	 66.56414	 241.16280
  90	1	 322.36605	 113.42410	 25.60885
  91	1	 221.28123	 70.84191	 208.44572
  92	1	 51.91498	 138.66104	 296.08979
  93	1	 183.94450	 38.62029	 4.70257
  94	1	 242.26565	 142.16206	 125.40819
  95	1	 208.52428	 56.38293	 15.71090
  96	1	 39.32707	 119.42119	 242.72392
  97	1	 33.17014	 131.23684	 271.56183
  98	1	 357.56077	 133.62479	 359.55588
  99	1	 233.14080	 127.69629	 144.37603
 100	1	 154.30817	 54.45637	 160.91986
 101	1	 216.65645	 42.04603	 91.90993
 102	1	 306.65703	 88.13333	 226.88071
 103	1	 91.59999	 141.84240	 136.68943
 104	1	 275.20707	 87.74346	 316.55827
 105	1	 235.68723	 34.28912	 153.92985
 106	1	 139.39102	 64.43480	 62.14467
 107	1	 88.74796	 87.09856	 319.27108
 108	1	 40.17687	 62.79514	 118.70332
 109	1	 251.60086	 17.66612	 75.00576
 110	1	 156.43599	 62.30107	 251.22929
 111	1	 334.46253	 126.01776	 104.50597
 112	1	 197.89124	 98.85020	 248.35599
 113	1	 30.46212	 134.53950	 358.23549
 114	1	 233.45800	 104.74886	 60.28806
 115	1	 22.32033	 61.28974	 281.51460
 116	1	 212.18913	 129.88646	 175.93241
 117	1	 0.72242	 139.01300	 180.42905
 118	1	 85.86774	 91.54632	 315.21289
 119	1	 268.61504	 34.82237	 223.17778
 120	1	 206.61989	 42.95000	 178.26240
 121	1	 281.57396	 138.77082	 119.55497
 122	1	 211.96631	 121.38542	 165.91167
 123	1	 357.35889	 138.75011	 89.90403
 124	1	 272.12475	 37.52713	 130.77474
 125	1	 91.25095	 93.44270	 319.27663
 126	1	 258.17146	 117.07119	 9.44802
 127	1	 356.52310	 35.41820	 52.98752
 128	1	 32.18523	 47.75697	 273.46153
 129	1	 265.34587	 39.40704	 343.90916
 130	1	 89.58562	 144.77046	 313.26547
 131	1	 308.83749	 103.53747	 339.31841
 132	1	 141.61729	 133.25258	 175.80478
 133	1	 222.77073	 66.10687	 23.36818
 134	1	 28.63021	 57.99291	 15.22415
 135	1	 354.02248	 44.89696	 269.30037
 136	1	 120.58191	 143.94021	 245.86487
 137	1	 218.56736	 67.09477	 115.21624
 138	1	 150.27472	 69.01985	 232.18086
 139	1	 47.74172	 87.69609	 316.39810
 140	1	 117.77503	 43.75373	 299.01954
 141	1	 9.47344	 141.29935	 177.60861
 142	1	 158.79830	 105.20267	 196.81733
 143	1	 144.66394	 113.84226	 21.64930
 144	1	 59.48676	 40.00054	 240.13637
 145	1	 288.87502	 93.46080	 103.04331
 146	1	 298.97976	 85.37670	 314.74314
 147	1	 118.18091	 103.23091	 359.82363
 148	1	 220.40409	 65.36571	 115.75799
 149	1	 307.35175	 103.59712	 300.92395
 150	1	 48.30912	 80.30998	 213.14389
 151	1	 142.76554	 114.98361	 204.47939
 152	1	 320.48756	 112.67962	 298.01019
 153	1	 22.01009	 59.22925	 289.38133
 154	1	 38.91537	 118.26328	 58.32324
 155	1	 212.31205	 141.07917	 267.30275
 156	1	 140.01100	 61.55530	 332.91096
 157	1	 59.57603	 93.68973	 228.95033
 158	1	 272.87600	 81.58199	 135.03586
 159	1	 273.92133	 30.69246	 143.97449
 160	1	 315.38035	 107.61039	 196.22265
 161	1	 344.12344	 96.10094	 126.23775
 162	1	 52.39575	 37.24558	 219.36456
 163	1	 138.89622	 134.01999	 0.80828
 164	1	 120.97419	 87.16198	 134.78413
 165	1	 145.87408	 161.69430	 164.89107
 166	1	 306.95712	 70.32077	 326.44985
 167	1	 124.41569	 94.44841	 135.18834
 168	1	 84.33036	 88.91735	 225.58407
 169	1	 335.41261	 123.63299	 198.95711
 170	1	 184.08430	 48.71011	 180.64024
 171	1	 91.24302	 34.97201	 315.08539
 172	1	 281.57123	 114.78214	 80.42629
 173	1	 177.88834	 135.64505	 270.57029
 174	1	 269.55223	 145.94504	 223.11356
 175	1	 226.81860	 22.28097	 353.21122
 176	1	 239.40308	 142.03389	 299.14972
 177	1	 144.23294	 68.07181	 241.58828
 178	1	 305.13255	 100.99824	 33.39091
 179	1	 310.83463	 21.72642	 339.87549
 180	1	 222.88472	 34.36201	 314.74869
 181	1	 53.86299	 141.02924	 120.19600
 182	1	 232.89775	 103.06533	 37.70999
 183	1	 92.52317	 34.71473	 132.71638
 184	1	 41.26411	 68.83670	 299.93737
 185	1	 88.29042	 145.69305	 222.87309
 186	1	 39.99681	 110.53774	 152.36761
 187	1	 307.81229	 73.43299	 323.67030
 188	1	 191.94568	 123.02573	 89.52186
 189	1	 308.62991	 109.03491	 213.32122
 190	1	 320.48170	 44.40513	 183.32047
 191	1	 39.19189	 111.89862	 64.19752
 192	1	 136.63768	 113.81058	 296.85817
 193	1	 239.28609	 39.75744	 334.40040
 194	1	 23.98410	 58.79291	 286.56117
 195	1	 179.78439	 43.08543	 89.19998
 196	1	 30.26710	 138.43748	 271.39841
 197	1	 129.80201	 109.66386	 216.76914
 198	1	 181.10508	 136.49056	 178.52801
 199	1	 6.10909	 129.29012	 61.78869
 200	1	 41.21183	 63.01108	 297.20132
 201	1	 268.40602	 90.04888	 135.53479
 202	1	 89.75019	 86.24957	 135.37435
 203	1	 124.75043	 86.68250	 47.99858
 204	1	 3.44911	 46.71279	 87.32715
 205	1	 319.97788	 68.64379	 61.65071
 206	1	 140.71531	 47.77455	 293.35089
 207	1	 139.46572	 110.90801	 118.62394
 208	1	 122.62083	 140.64940	 62.04599
 209	1	 142.35522	 45.63586	 179.17480
 210	1	 242.54625	 37.40931	 151.11936
 211	1	 130.64413	 104.46382	 35.10931
 212	1	 268.03447	 89.58990	 47.73616
 213	1	 34.69629	 43.52125	 266.47956
 214	1	 336.58382	 123.04850	 285.83625
 215	1	 143.59924	 139.00437	 92.10604
 216	1	 138.78887	 113.55568	 114.24281
 217	1	 61.87379	 81.11794	 45.22713
 218	1	 1.22738	 132.36297	 355.30960
 219	1	 204.71147	 60.89696	 283.76856
 220	1	 148.39848	 82.83219	 348.41960
 221	1	 35.00109	 132.37862	 182.30650
 222	1	 207.04196	 56.51340	 16.84173
 223	1	 215.32704	 112.28030	 61.20003
 224	1	 155.74757	 89.31367	 271.24833
 225	1	 86.66827	 96.85495	 228.57526
 226	1	 35.41085	 53.10958	 86.37967
 227	1	 179.29082	 43.98438	 180.98332
 228	1	 217.71390	 135.96323	 93.49794
 229	1	 328.77765	 130.71091	 3.94686
 230	1	 45.63580	 177.33845	 225.05749
 231	1	 90.55547	 84.00458	 228.01769
 232	1	 253.61155	 21.55457	 264.24972
 233	1	 358.45907	 50.57059	 86.27256
 234	1	 274.62864	 90.44825	 221.33303
 235	1	 219.04074	 107.76333	 62.37234
 236	1	 39.92667	 65.15031	 119.43855
 237	1	 359.29808	 45.37053	 177.35177
 238	1	 359.22905	 135.00492	 260.90290
 239	1	 309.82035	 94.58655	 48.07261
 240	1	 55.67002	 88.06956	 127.85750
 241	1	 115.02616	 151.69249	 96.41107
 242	1	 60.36607	 143.87280	 295.99064
 243	1	 155.67089	 59.07644	 72.26536
 244	1	 266.34998	 90.23327	 139.87175
 245	1	 224.04675	 76.93989	 12.79982
 246	1	 88.90578	 81.88747	 135.62821
 247	1	 359.20244	 136.93225	 181.53965
 248	1	 325.98312	 137.09463	 266.13259
 249	1	 265.37101	 90.12267	 45.70589
 250	1	 304.69451	 41.31810	 14.05609
 251	1	 183.94633	 135.52963	 91.01991
 252	1	 91.54528	 38.00896	 47.03736
 253	1	 274.44385	 35.98760	 133.48261
 254	1	 269.07780	 147.32531	 318.54555
 255	1	 107.93174	 96.73060	 167.02179
 256	1	 355.70782	 47.37780	 356.25214
 257	1	 63.19074	 3.07281	 347.03770
 258	1	 178.16843	 48.89711	 177.09235
 259	1	 220.94244	 140.69731	 272.23557
 260	1	 55.00402	 84.85610	 45.46598
 261	1	 36.28312	 44.76677	 306.03984
 262	1	 218.31882	 62.11110	 293.29509
 263	1	 326.35700	 133.47806	 3.67040
 264	1	 240.75001	 39.27075	 58.08225
 265	1	 347.73435	 90.96490	 53.99692
 266	1	 222.84360	 67.15029	 120.63021
 267	1	 110.35487	 117.61077	 43.50581
 268	1	 164.27345	 17.94078	 283.72865
 269	1	 205.39105	 120.74282	 343.75944
 270	1	 217.93381	 64.68080	 292.43498
 271	1	 219.48520	 63.38464	 301.17726
 272	1	 139.88689	 43.17837	 177.69752
 273	1	 23.56999	 73.73916	 309.10921
 274	1	 319.42905	 66.68497	 335.81922
 275	1	 42.68844	 113.73328	 153.48424
 276	1	 124.75188	 72.84558	 56.34527
 277	1	 180.22259	 49.53383	 180.34416
 278	1	 154.41863	 116.54826	 95.26367
 279	1	 217.08654	 130.35891	 91.44825
 280	1	 207.42064	 57.78877	 198.21258
 281	1	 122.44374	 94.86927	 134.09115
 282	1	 219.90312	 63.90181	 118.05563
 283	1	 232.49376	 89.38468	 132.47852
 284	1	 322.97543	 111.12389	 208.36776
 285	1	 301.23561	 74.51160	 48.90219
 286	1	 326.10022	 63.51341	 337.05619
 287	1	 270.92381	 92.67443	 309.99985
 288	1	 217.46297	 63.07653	 296.76302
 289	1	 264.80913	 34.56160	 225.77098
 290	1	 359.45445	 132.63052	 90.28495
 291	1	 112.05273	 4.88441	 96.77518
 292	1	 92.10762	 141.27839	 43.89358
 293	1	 91.34952	 103.33880	 202.77666
 294	1	 123.89232	 87.65746	 48.37277
 295	1	 52.99023	 94.12002	 313.82481
 296	1	 175.16633	 74.60667	 337.62842
 297	1	 214.96346	 41.56935	 265.10213
 298	1	 354.81556	 169.01606	 228.91707
 299	1	 306.11351	 72.00681	 325.21905
 300	1	 134.69899	 142.21351	 183.85636
 301	1	 271.37433	 147.49682	 314.01606
 302	1	 145.18389	 43.71010	 95.06139
 303	1	 33.72556	 60.56358	 106.98214
 304	1	 289.75197	 95.91260	 355.47850
 305	1	 151.82024	 63.74791	 250.32594
 306	1	 220.38499	 66.22071	 298.85709
 307	1	 89.49554	 35.75111	 132.45388
 308	1	 273.76462	 88.24268	 316.85947
 309	1	 218.80242	 131.25819	 264.14272
 310	1	 305.78027	 89.61728	 132.06760
 311	1	 146.69553	 42.52019	 183.08484
 312	1	 142.20567	 64.90685	 154.17260
 313	1	 217.40769	 116.65583	 239.68261
 314	1	 89.21343	 146.63056	 135.69369
 315	1	 305.36993	 81.15714	 232.95616
 316	1	 321.61798	 66.86917	 242.99703
 317	1	 356.62831	 42.25603	 177.47427
 318	1	 115.85757	 143.31141	 333.38868
 319	1	 182.50613	 5.96360	 145.70847
 320	1	 37.45889	 68.49530	 204.30610
 321	1	 125.29037	 92.66118	 49.26385
 322	1	 308.47234	 104.25212	 36.29849
 323	1	 2.48296	 45.85310	 78.71357
 324	1	 130.83757	 80.50507	 236.91319
 325	1	 131.29726	 115.81590	 219.07048
 326	1	 52.61314	 91.96921	 42.61638
 327	1	 359.82411	 130.50253	 2.40847
 328	1	 57.94364	 140.16503	 207.00200
 329	1	 87.99349	 36.92586	 311.54195
 330	1	 291.20130	 15.30425	 116.98123
 331	1	 270.18134	 40.02617	 42.56185
 332	1	 53.43245	 94.98541	 36.47215
 333	1	 29.68701	 124.54652	 163.67278
 334	1	 238.46494	 145.02899	 117.84642
 335	1	 127.16198	 85.98489	 227.55305
 336	1	 182.06726	 134.62973	 6.69233
 337	1	 26.90983	 121.43317	 164.49299
 338	1	 323.89133	 66.29901	 61.67776
 339	1	 264.36566	 128.76883	 237.85741
 340	1	 55.21938	 89.54584	 137.45109
 341	1	 1.24593	 44.63811	 268.45777
 342	1	 332.71598	 134.88653	 270.14625
 343	1	 180.68932	 47.51088	 92.15308
 344	1	 321.78677	 64.30561	 334.36674
 345	1	 219.24930	 107.15929	 58.62728
 346	1	 216.82106	 111.91623	 154.24638
 347	1	 138.18221	 117.43632	 105.86539
 348	1	 239.08199	 139.01427	 203.95417
 349	1	 266.84939	 86.88982	 139.92508
 350	1	 268.81053	 89.64101	 217.78220
 351	1	 28.17143	 55.80709	 107.97502
 352	1	 270.20525	 93.87609	 134.13255
 353	1	 149.81339	 133.95033	 269.67111
 354	1	 36.60132	 66.53691	 118.07029
 355	1	 129.59164	 106.36612	 123.98075
 356	1	 180.10759	 3.71701	 54.76369
 357	1	 272.42688	 89.88040	 224.82630
 358	1	 234.78573	 34.85147	 338.95803
 359	1	 39.56908	 138.30803	 265.31037
 360	1	 56.83563	 144.43760	 297.37346
 361	1	 285.33185	 49.72297	 317.95637
 362	1	 181.83215	 132.02562	 272.62859
 363	1	 322.15920	 135.88292	 186.62781
 364	1	 352.63460	 167.85080	 180.31431
 365	1	 244.87868	 36.69677	 62.79485
 366	1	 33.91207	 47.29188	 353.00592
 367	1	 177.40463	 46.74779	 359.75814
 368	1	 213.56558	 127.26263	 272.24154
 369	1	 27.31497	 132.45423	 263.12461
 370	1	 184.54019	 40.27411	 1.26679
 371	1	 272.32667	 36.64571	 134.46071
 372	1	 55.44523	 84.60198	 318.75817
 373	1	 89.65186	 49.35952	 242.62214
 374	1	 215.32493	 113.47908	 60.41968
 375	1	 59.65310	 92.85300	 40.05626
 376	1	 40.48016	 67.47820	 120.67641
 377	1	 218.02267	 134.44738	 269.64961
 378	1	 202.45620	 53.36501	 196.16280
 379	1	 126.95439	 96.49410	 228.52370
 380	1	 272.04920	 145.93935	 46.52506
 381	1	 328.37653	 133.49400	 91.07919
 382	1	 268.34931	 145.01258	 316.13238
 383	1	 304.23981	 73.48409	 154.26030
 384	1	 270.85695	 38.36783	 137.36863
 385	1	 294.35194	 117.79530	 316.23158
 386	1	 90.65707	 92.83334	 128.83153
 387	1	 252.27128	 73.02179	 82.90639
 388	1	 218.74244	 63.04257	 115.82037
 389	1	 27.26087	 121.73044	 344.46965
 390	1	 49.86659	 72.06233	 209.00540
 391	1	 180.16709	 135.52317	 184.58328
 392	1	 43.64641	 60.20756	 121.44041
 393	1	 216.97301	 41.66273	 92.70979
 394	1	 327.31223	 136.46845	 359.72821
 395	1	 322.15722	 65.11123	 149.72443
 396	1	 143.37892	 65.55127	 153.13952
 397	1	 152.72974	 45.88256	 2.14637
 398	1	 58.33008	 39.68996	 155.83623
 399	1	 197.69114	 88.89265	 226.14294
 400	1	 27.32740	 122.42377	 336.88147
 401	1	 142.16321	 139.71923	 184.50464
 402	1	 74.47490	 137.62041	 13.82867
 403	1	 127.00687	 107.47462	 214.19632
 404	1	 228.51125	 111.65194	 238.09507
 405	1	 182.63707	 132.04129	 272.84623
 406	1	 187.13720	 39.20874	 177.63372
 407	1	 12.62351	 14.91664	 38.98504
 408	1	 219.91913	 115.21376	 65.11895
 409	1	 217.78490	 48.13795	 180.20035
 410	1	 39.83126	 61.81946	 27.91281
 411	1	 321.50575	 120.88115	 213.19290
 412	1	 242.04782	 36.39576	 63.74843
 413	1	 58.22868	 39.34108	 246.18794
 414	1	 52.85915	 76.64641	 208.78144
 415	1	 314.13721	 114.72147	 358.13500
 416	1	 307.03572	 91.15529	 39.20449
 417	1	 182.53806	 135.76723	 178.67115
 418	1	 292.37467	 158.47036	 94.55854
 419	1	 267.45415	 89.69507	 316.52111
 420	1	 310.54314	 96.89664	 132.24009
 421	1	 236.50860	 82.78865	 135.19023
 422	1	 56.36586	 34.71625	 334.74859
 423	1	 178.10193	 43.05756	 0.53417
 424	1	 233.97180	 105.28986	 237.34147
 425	1	 36.22520	 39.58271	 97.72185
 426	1	 113.19959	 97.57526	 91.38983
 427	1	 2.90362	 126.61404	 175.02439
 428	1	 91.08056	 150.20451	 19.41998
 429	1	 182.61502	 136.20063	 180.66817
 430	1	 238.22601	 143.28785	 118.54714
 431	1	 208.27388	 122.00128	 252.73449
 432	1	 101.77433	 33.91919	 251.56207
 433	1	 215.22614	 39.26256	 266.72511
 434	1	 97.69932	 130.67501	 66.22596
 435	1	 216.34539	 42.13625	 179.45722
 436	1	 188.98966	 46.78968	 268.80316
 437	1	 210.70723	 131.91130	 89.74283
 438	1	 220.43267	 67.93655	 117.33979
 439	1	 357.38106	 49.62103	 355.96985
 440	1	 219.97503	 115.56047	 153.34558
 441	1	 151.73387	 4.38767	 256.42740
 442	1	 238.11515	 105.98969	 56.38063
 443	1	 125.80381	 104.29294	 304.01717
 444	1	 145.52265	 41.90722	 92.80805
 445	1	 0.98225	 41.70042	 85.93529
 446	1	 141.83539	 68.97377	 150.16326
 447	1	 182.11280	 140.55309	 271.45098
 448	1	 303.26561	 90.19188	 225.12821
 449	1	 336.08011	 128.50359	 108.13740
 450	1	 269.16047	 148.17523	 319.42219
 451	1	 121.87419	 84.47655	 135.82859
 452	1	 180.58120	 46.39382	 1.51570
 453	1	 125.21813	 70.76796	 233.80038
 454	1	 147.67619	 136.18675	 356.30488
 455	1	 0.94913	 130.94310	 359.83761
 456	1	 31.15992	 139.47695	 90.35671
 457	1	 272.61075	 33.21217	 225.68133
 458	1	 218.25541	 128.54988	 353.04768
 459	1	 180.05490	 86.36967	 264.54728
 460	1	 40.50663	 48.77036	 95.53810
 461	1	 301.84576	 85.54870	 136.84254
 462	1	 87.47027	 141.43930	 45.36021
 463	1	 146.85631	 142.74159	 2.59775
 464	1	 35.57277	 129.92496	 0.13393
 465	1	 90.52157	 94.58932	 225.66995
 466	1	 264.68096	 153.84753	 183.78840
 467	1	 359.12135	 50.48496	 180.95570
 468	1	 274.95534	 145.98358	 0.83571
 469	1	 303.12186	 73.78477	 325.44364
 470	1	 40.53137	 110.70467	 62.95463
 471	1	 37.60244	 115.52208	 154.27940
 472	1	 281.60164	 113.56773	 5.63088
 473	1	 30.98285	 133.62145	 182.61472
 474	1	 1.65146	 44.30622	 4.57422
 475	1	 127.26691	 100.56914	 39.59809
 476	1	 304.04729	 73.55033	 142.56630
 477	1	 178.94867	 44.11150	 185.38186
 478	1	 88.95722	 93.65301	 140.50181
 479	1	 174.91491	 98.33988	 278.10334
 480	1	 31.11511	 142.25744	 102.58933
 481	1	 196.98945	 61.20242	 55.96386
 482	1	 139.04499	 157.11343	 355.41279
 483	1	 357.88687	 46.00900	 89.41063
 484	1	 206.08475	 123.32104	 163.23835
 485	1	 356.06593	 34.72684	 181.97561
 486	1	 334.29516	 126.43531	 202.68641
 487	1	 48.95460	 69.95763	 71.17541
 488	1	 5.68507	 137.10403	 86.54071
 489	1	 56.64448	 74.91798	 313.28591
 490	1	 203.52223	 33.14709	 5.93535
 491	1	 212.32358	 116.51608	 226.44559
 492	1	 120.30736	 140.79901	 66.65151
 493	1	 271.81257	 141.85880	 130.48878
 494	1	 125.40496	 86.59093	 315.88776
 495	1	 121.14776	 144.37969	 65.63159
 496	1	 212.18621	 35.85220	 324.60577
 497	1	 320.82402	 136.68073	 87.76173
 498	1	 219.87833	 67.92838	 118.89899
 499	1	 1.19199	 133.58175	 91.23955
 500	1	 320.87200	 39.45138	 0.93182
 501	1	 269.52993	 91.27919	 48.82095
 502	1	 209.76772	 52.55432	 279.42308
 503	1	 180.96381	 135.04238	 264.89207
 504	1	 184.98273	 133.21617	 259.62922
 505	1	 182.41730	 129.34712	 358.23967
 506	1	 355.66647	 134.60330	 182.41912
 507	1	 142.29659	 113.90550	 114.45422
 508	1	 126.98545	 87.95439	 133.07789
 509	1	 213.04929	 134.96792	 90.07754
 510	1	 334.99597	 124.58197	 285.81582
 511	1	 25.21992	 38.64443	 68.55446
 512	1	 50.39346	 88.77316	 225.09313
 513	1	 177.68135	 44.19140	 357.94062
 514	1	 40.98879	 116.38866	 151.46796
 515	1	 263.66093	 155.80082	 29.43247
 516	1	 238.12589	 38.41658	 152.30821
 517	1	 116.85428	 71.06906	 246.03149
 518	1	 61.69463	 144.56560	 26.19321
 519	1	 140.39225	 111.67839	 296.08440
 520	1	 143.22078	 110.29384	 27.58800
 521	1	 208.71242	 61.71811	 199.13764
 522	1	 234.76639	 100.65241	 231.65914
 523	1	 52.21411	 72.13369	 305.43432
 524	1	 334.50151	 123.30918	 111.67237
 525	1	 218.70297	 124.19817	 180.48797
 526	1	 89.92088	 90.88381	 136.05199
 527	1	 217.32747	 45.05733	 179.20295
 528	1	 180.06280	 132.26419	 269.95443
 529	1	 180.07048	 44.27310	 89.04741
 530	1	 182.34182	 132.00457	 176.02152
 531	1	 61.25801	 37.57206	 337.07956
 532	1	 182.86254	 132.64087	 181.17545
 533	1	 272.77259	 36.61302	 47.62327
 534	1	 29.68265	 153.51485	 342.57293
 535	1	 210.73726	 124.75238	 337.60180
 536	1	 4.74531	 78.81930	 102.83299
 537	1	 18.90611	 106.71231	 166.98987
 538	1	 40.10065	 113.98977	 241.84433
 539	1	 219.39314	 137.40106	 90.52868
 540	1	 2.58718	 133.28546	 0.79371
 541	1	 104.55975	 32.96216	 265.42846
 542	1	 324.68823	 108.49069	 208.45397
 543	1	 251.05827	 152.89376	 42.60923
 544	1	 88.93860	 88.17525	 314.79519
 545	1	 139.60229	 107.74087	 206.05249
 546	1	 217.47890	 140.39190	 184.48380
 547	1	 301.13177	 34.51990	 296.11740
 548	1	 41.34665	 110.32973	 242.69697
 549	1	 63.00408	 37.17744	 157.68768
 550	1	 265.76109	 93.94307	 320.72631
 551	1	 218.62996	 65.71622	 27.67166
 552	1	 238.07464	 80.74024	 222.31359
 553	1	 296.09503	 69.73947	 210.33729
 554	1	 55.24158	 142.65812	 295.54506
 555	1	 123.13400	 140.44583	 334.41622
 556	1	 219.54822	 117.96102	 247.07782
 557	1	 179.29713	 95.29591	 106.61235
 558	1	 238.91874	 141.18786	 115.43068
 559	1	 24.54394	 57.87032	 106.11921
 560	1	 126.77880	 108.97049	 303.44747
 561	1	 186.28976	 44.97262	 96.60959
 562	1	 316.48690	 165.24284	 120.97236
 563	1	 28.22578	 131.66193	 86.11704
 564	1	 215.86198	 119.50539	 163.36838
 565	1	 41.96363	 44.51655	 180.02831
 566	1	 153.36944	 58.86167	 343.81679
 567	1	 266.58605	 91.11087	 225.27745
 568	1	 150.77654	 50.65835	 176.28881
 569	1	 134.77574	 115.69345	 95.95170
 570	1	 322.93210	 113.74191	 115.36958
 571	1	 32.52058	 42.80395	 274.28713
 572	1	 59.47910	 78.77612	 33.88270
 573	1	 89.01004	 149.26800	 313.37283
 574	1	 205.64190	 127.83418	 2.05569
 575	1	 89.18490	 90.64036	 225.04285
 576	1	 236.17030	 95.95363	 128.00672
 577	1	 57.39472	 1.06420	 176.05789
 578	1	 264.79393	 81.45065	 314.21570
 579	1	 271.69947	 141.07581	 222.39726
 580	1	 330.80756	 121.79533	 105.66679
 581	1	 211.24196	 127.24093	 90.56785
 582	1	 239.23122	 135.64746	 140.41727
 583	1	 307.45434	 88.09626	 47.14354
 584	1	 181.01674	 134.50217	 268.45965
 585	1	 230.21235	 105.28204	 240.36027
 586	1	 185.07890	 107.06014	 120.52843
 587	1	 327.31821	 160.78436	 28.16097
 588	1	 353.61368	 134.39564	 350.06652
 589	1	 297.28600	 34.65385	 206.27809
 590	1	 179.82490	 139.19725	 176.31016
 591	1	 40.01997	 67.24211	 115.89247
 592	1	 270.20941	 35.30311	 226.34047
 593	1	 63.05598	 41.03568	 332.42575
 594	1	 158.03893	 120.66995	 277.45819
 595	1	 304.08317	 74.83332	 323.48027
 596	1	 275.85542	 35.01962	 192.91787
 597	1	 146.06883	 48.15747	 271.69732
 598	1	 228.46206	 147.26552	 124.56669
 599	1	 327.43460	 147.96940	 93.81066
 600	1	 128.98111	 106.19722	 303.49108
 601	1	 210.59919	 122.55146	 258.19117
 602	1	 273.56911	 93.03077	 136.11444
 603	1	 129.04476	 72.80574	 51.95158
 604	1	 59.10704	 144.83803	 207.07844
 605	1	 352.06641	 119.96577	 332.29897
 606	1	 223.73819	 112.64807	 151.19313
 607	1	 218.40120	 44.41570	 268.48924
 608	1	 358.71841	 133.67627	 275.43909
 609	1	 20.17465	 43.65389	 193.77090
 610	1	 321.89362	 63.21783	 333.24712
 611	1	 214.41221	 43.50137	 179.23990
 612	1	 314.12571	 82.04287	 342.49334
 613	1	 3.34507	 143.09709	 187.07718
 614	1	 177.58199	 48.47331	 184.86112
 615	1	 309.19161	 95.49460	 321.25751
 616	1	 269.44035	 36.25291	 316.98425
 617	1	 139.09065	 41.69755	 4.55141
 618	1	 273.67362	 92.78305	 137.11644
 619	1	 90.02614	 87.47350	 220.22956
 620	1	 218.93131	 116.76728	 63.13619
 621	1	 141.32720	 64.10563	 248.89767
 622	1	 149.46873	 52.29654	 72.28544
 623	1	 89.15697	 31.55852	 317.12871
 624	1	 51.63223	 77.44550	 209.90525
 625	1	 327.84324	 134.11076	 91.40326
 626	1	 119.54894	 91.10284	 46.11083
 627	1	 275.47891	 147.13828	 226.47816
 628	1	 231.30454	 126.34450	 25.67031
 629	1	 322.60410	 111.77086	 299.50682
 630	1	 240.39443	 80.24530	 117.36061
 631	1	 181.54905	 136.90231	 183.95003
 632	1	 180.29763	 41.10092	 183.25900
 633	1	 272.67729	 36.87701	 138.76418
 634	1	 332.79874	 133.04502	 4.39861
 635	1	 178.91771	 45.55031	 177.87527
 636	1	 315.86223	 114.37925	 30.41289
 637	1	 219.62453	 65.79308	 214.05350
 638	1	 251.96040	 35.71139	 62.45973
 639	1	 215.85520	 136.04176	 353.08703
 640	1	 92.96487	 91.47699	 136.26347
 641	1	 40.11477	 41.15223	 177.95842
 642	1	 148.98556	 43.91698	 358.11837
 643	1	 40.41984	 67.87483	 201.44415
 644	1	 310.51215	 106.36950	 84.38329
 645	1	 37.29706	 117.10348	 241.85509
 646	1	 0.51428	 44.68638	 175.86837
 647	1	 142.60843	 114.73925	 295.44282
 648	1	 90.14247	 95.84288	 314.10620
 649	1	 121.23746	 104.67277	 307.91736
 650	1	 49.08027	 72.80055	 307.53601
 651	1	 357.83450	 135.49415	 269.61042
 652	1	 235.04318	 109.15714	 241.09982
 653	1	 50.94531	 74.79748	 35.85264
 654	1	 89.08760	 142.20918	 229.31679
 655	1	 0.03269	 138.00702	 274.39657
 656	1	 159.32542	 58.93959	 70.08927
 657	1	 23.99428	 75.09849	 229.37730
 658	1	 84.09506	 0.22990	 68.64919
 659	1	 74.82627	 9.70752	 233.09607
 660	1	 218.13981	 134.83168	 266.24756
 661	1	 142.40070	 45.91961	 86.13408
 662	1	 180.73676	 43.09714	 272.22503
 663	1	 47.66575	 94.96824	 42.34642
 664	1	 347.06373	 61.87378	 265.70732
 665	1	 204.37909	 120.38472	 163.99119
 666	1	 271.11025	 94.16380	 319.33925
 667	1	 359.44411	 44.67783	 270.76814
 668	1	 23.04551	 96.94034	 3.34672
 669	1	 3.85093	 44.58663	 188.79893
 670	1	 121.62369	 140.95865	 245.42958
 671	1	 148.53114	 127.51451	 355.13376
 672	1	 308.52663	 91.50668	 141.41738
 673	1	 179.24668	 45.80269	 359.36319
 674	1	 137.95986	 135.69480	 182.06554
 675	1	 60.95386	 142.60939	 116.13172
 676	1	 74.10470	 87.31215	 337.52725
 677	1	 38.36475	 63.18233	 295.04114
 678	1	 191.57070	 165.74749	 105.40216
 679	1	 143.96761	 64.15181	 60.35682
 680	1	 270.41273	 91.01504	 42.70388
 681	1	 272.72381	 147.48349	 45.15292
 682	1	 53.22530	 79.63631	 30.00382
 683	1	 89.04611	 35.23163	 46.62833
 684	1	 204.05646	 126.13077	 342.73759
 685	1	 175.70714	 44.49856	 0.38475
 686	1	 207.90750	 22.67005	 346.63011
 687	1	 24.32846	 144.17720	 338.08911
 688	1	 327.38693	 110.24239	 19.11284
 689	1	 182.39186	 134.32320	 3.72998
 690	1	 177.79905	 134.26802	 91.92857
 691	1	 92.35548	 35.96192	 136.16012
 692	1	 91.73027	 146.23791	 134.56299
 693	1	 319.94425	 63.88318	 64.88394
 694	1	 257.82864	 144.39460	 19.77670
 695	1	 31.96678	 138.63708	 261.34293
 696	1	 40.64500	 42.92559	 0.23283
 697	1	 89.52815	 90.32577	 43.24787
 698	1	 36.26540	 110.69419	 246.88058
 699	1	 77.49947	 100.13205	 99.36325
 700	1	 321.60215	 104.33835	 133.25192
 701	1	 247.45717	 67.75475	 64.42929
 702	1	 88.39699	 88.96995	 132.69951
 703	1	 332.49885	 142.76748	 185.11385
 704	1	 238.80525	 88.12136	 39.28477
 705	1	 91.57056	 88.93493	 137.33643
 706	1	 88.41844	 73.46736	 35.47757
 707	1	 201.48026	 60.89094	 205.04151
 708	1	 83.13729	 91.37853	 134.93314
 709	1	 357.03863	 136.10343	 176.62264
 710	1	 349.60698	 177.36445	 149.61624
 711	1	 290.34275	 125.12461	 2.95201
 712	1	 316.18002	 39.03241	 268.23250
 713	1	 0.82242	 45.10581	 181.42384
 714	1	 330.51159	 134.11218	 83.10845
 715	1	 241.97051	 170.37030	 281.76977
 716	1	 152.87116	 56.13969	 344.10108
 717	1	 218.75173	 67.77383	 26.51796
 718	1	 219.13593	 112.64740	 63.59096
 719	1	 271.91632	 88.01874	 313.66022
 720	1	 228.94210	 102.95742	 149.39763
 721	1	 140.69876	 113.76212	 293.58963
 722	1	 267.59101	 33.02805	 136.69255
 723	1	 174.31660	 135.70482	 93.55222
 724	1	 320.98940	 109.41289	 297.33218
 725	1	 304.10763	 75.01454	 317.97674
 726	1	 60.31315	 139.40230	 26.90987
 727	1	 89.18041	 144.28818	 315.71730
 728	1	 34.60876	 43.82721	 172.45465
 729	1	 89.18596	 92.88999	 236.48490
 730	1	 181.81507	 129.73470	 89.94826
 731	1	 268.91525	 38.81088	 313.59238
 732	1	 2.70825	 47.79763	 90.65250
 733	1	 34.80393	 133.54166	 353.46136
 734	1	 137.90380	 65.63040	 152.13185
 735	1	 318.33441	 46.41399	 184.57775
 736	1	 26.36478	 119.82635	 163.49749
 737	1	 37.85489	 64.43951	 118.18712
 738	1	 323.52791	 119.24170	 180.75200
 739	1	 242.58975	 34.71616	 282.02140
 740	1	 354.98058	 1.83974	 108.44642
 741	1	 317.69207	 46.46544	 92.93789
 742	1	 88.34689	 88.59237	 313.45807
 743	1	 180.55421	 43.99151	 357.27843
 744	1	 4.51832	 84.78502	 223.07480
 745	1	 134.07562	 136.94982	 102.11712
 746	1	 220.13173	 127.87736	 1.82726
 747	1	 141.98495	 112.29580	 29.29714
 748	1	 51.00102	 92.67910	 320.08415
 749	1	 208.17084	 62.76727	 114.11854
 750	1	 1.28974	 136.88309	 185.61501
 751	1	 181.78228	 132.81629	 273.44757
 752	1	 145.57114	 95.71979	 71.99671
 753	1	 304.67308	 72.94466	 53.50914
 754	1	 180.99935	 74.39438	 278.76109
 755	1	 219.20885	 142.63853	 290.66977
 756	1	 261.64410	 123.39177	 350.39124
 757	1	 249.93102	 45.40300	 26.60007
 758	1	 140.83954	 68.95062	 242.32748
 759	1	 145.66008	 16.20914	 53.17001
 760	1	 338.08421	 124.90008	 199.80695
 761	1	 3.60863	 41.69399	 269.95128
 762	1	 27.08445	 124.47486	 340.12481
 763	1	 221.43332	 66.23795	 204.53814
 764	1	 178.44692	 132.51697	 177.90214
 765	1	 41.78745	 113.53189	 243.35121
 766	1	 125.62968	 73.12758	 328.80974
 767	1	 309.66512	 28.54730	 42.76407
 768	1	 31.10903	 48.16629	 79.83281
 769	1	 173.56908	 45.29084	 1.22388
 770	1	 151.46986	 116.02377	 189.84609
 771	1	 298.62000	 32.35571	 201.36383
 772	1	 236.80879	 93.03462	 316.01406
 773	1	 208.50931	 56.06317	 194.16974
 774	1	 205.99080	 119.82889	 247.33621
 775	1	 55.29192	 39.75868	 59.28004
 776	1	 3.95870	 136.66943	 1.88663
 777	1	 117.77518	 141.48048	 247.80443
 778	1	 92.17488	 36.76380	 226.74732
 779	1	 89.89305	 32.66603	 46.73007
 780	1	 235.92686	 35.73892	 159.24033
 781	1	 48.38343	 85.96042	 308.17051
 782	1	 240.81846	 144.98521	 114.43823
 783	1	 249.23524	 36.92143	 349.93510
 784	1	 220.69310	 114.11358	 63.14007
 785	1	 209.81572	 124.64487	 71.57953
 786	1	 302.58990	 4.54332	 357.73284
 787	1	 1.51198	 44.18327	 274.43154
 788	1	 127.48706	 105.40221	 121.81682
 789	1	 357.62210	 138.56852	 268.31313
 790	1	 236.07552	 141.50498	 118.26824
 791	1	 212.58856	 131.68755	 274.70015
 792	1	 235.79459	 33.17692	 328.52361
 793	1	 220.43187	 139.32192	 82.46305
 794	1	 209.00276	 121.83290	 191.24514
 795	1	 176.95690	 135.16561	 357.83482
 796	1	 88.78969	 144.86542	 46.92515
 797	1	 235.76123	 106.11797	 148.24566
 798	1	 1.25752	 135.77339	 273.07945
 799	1	 218.37881	 44.07333	 265.14376
 800	1	 150.43747	 94.01717	 72.51968
 801	1	 268.47711	 89.51115	 134.01868
 802	1	 47.65097	 90.22455	 318.21886
 803	1	 239.07443	 88.96828	 321.40129
 804	1	 146.78958	 128.65014	 264.75265
 805	1	 184.33517	 134.39014	 1.23272
 806	1	 230.98882	 87.00721	 219.60897
 807	1	 22.67283	 70.53141	 289.08480
 808	1	 357.40595	 142.34287	 177.08053
 809	1	 90.80735	 147.16714	 138.01189
 810	1	 38.75584	 110.64244	 336.72819
 811	1	 2.73558	 48.30622	 183.32020
 812	1	 236.96373	 150.40303	 299.38902
 813	1	 238.78646	 142.96816	 23.81820
 814	1	 0.28019	 46.62020	 182.84095
 815	1	 140.76312	 63.87020	 330.34048
 816	1	 305.07553	 88.10750	 228.67889
 817	1	 5.57404	 46.86610	 356.95024
 818	1	 228.57494	 88.01162	 133.53411
 819	1	 142.25590	 43.69345	 356.05980
 820	1	 39.18549	 135.05835	 85.22853
 821	1	 351.98256	 139.47876	 267.48942
 822	1	 101.56451	 60.93632	 332.30747
 823	1	 90.06123	 88.45939	 136.94839
 824	1	 90.42248	 142.65276	 313.23310
 825	1	 90.27889	 140.78253	 313.30886
 826	1	 235.63768	 33.64717	 65.57840
 827	1	 266.68258	 89.85008	 224.83900
 828	1	 267.23918	 35.24125	 223.30431
 829	1	 356.31516	 131.14157	 86.31411
 830	1	 324.08736	 68.66867	 159.45812
 831	1	 306.71732	 90.13972	 317.72552
 832	1	 179.75914	 134.96721	 181.78633
 833	1	 269.35646	 145.32722	 314.63351
 834	1	 319.05403	 63.03988	 239.78792
 835	1	 38.37007	 112.90985	 331.08726
 836	1	 180.38000	 43.50756	 184.26418
 837	1	 88.84636	 33.67846	 45.57088
 838	1	 177.00953	 135.09616	 270.75809
 839	1	 313.16032	 137.33142	 169.12121
 840	1	 37.64197	 42.45749	 90.98960
 841	1	 241.05711	 39.57647	 157.19731
 842	1	 23.21924	 120.71234	 255.59988
 843	1	 267.31267	 38.34631	 310.56533
 844	1	 53.01074	 72.99367	 304.95385
 845	1	 358.52536	 132.86624	 183.68717
 846	1	 130.13665	 110.38809	 309.49871
 847	1	 206.91703	 55.87076	 285.12945
 848	1	 39.54588	 111.35739	 61.95315
 849	1	 183.04994	 42.30914	 181.61661
 850	1	 140.30441	 65.95078	 336.31534
 851	1	 88.89920	 145.66139	 223.80449
 852	1	 266.23008	 86.42638	 223.58692
 853	1	 267.01649	 86.99876	 225.10190
 854	1	 269.73533	 147.13581	 135.12066
 855	1	 37.62622	 66.93965	 31.59157
 856	1	 275.00039	 46.63031	 61.96165
 857	1	 33.64166	 23.69972	 295.89492
 858	1	 210.99618	 132.17906	 174.99749
 859	1	 117.89334	 141.43704	 338.20474
 860	1	 144.99623	 47.20226	 0.10325
 861	1	 88.00809	 91.12441	 45.30277
 862	1	 175.99137	 134.70353	 184.76701
 863	1	 218.52746	 117.48595	 151.45869
 864	1	 233.78393	 148.84601	 25.57894
 865	1	 146.09666	 44.99792	 91.01467
 866	1	 46.39370	 48.68422	 263.50076
 867	1	 267.40150	 89.45113	 138.37929
 868	1	 129.92177	 84.61333	 48.00852
 869	1	 265.69521	 35.83152	 43.01639
 870	1	 28.11959	 120.64569	 69.62408
 871	1	 312.93063	 55.78489	 164.90876
 872	1	 306.51152	 98.41937	 307.25294
 873	1	 41.33127	 111.03417	 66.96845
 874	1	 257.38322	 19.05396	 346.93736
 875	1	 38.42518	 65.60313	 205.26185
 876	1	 178.54245	 40.63194	 266.96738
 877	1	 265.36925	 89.80452	 220.75635
 878	1	 59.12583	 84.66299	 129.64662
 879	1	 70.27291	 141.24180	 293.76563
 880	1	 32.67800	 46.02558	 81.33912
 881	1	 228.02797	 100.00974	 327.33563
 882	1	 322.08203	 141.80124	 178.33087
 883	1	 31.51812	 44.36535	 261.95649
 884	1	 40.86808	 48.08330	 182.28441
 885	1	 141.84055	 133.34160	 184.90737
 886	1	 83.00383	 90.60636	 328.01177
 887	1	 145.15236	 41.19899	 92.53998
 888	1	 219.15676	 47.26851	 178.80439
 889	1	 27.94981	 122.41333	 165.34563
 890	1	 3.68499	 43.34220	 273.18404
 891	1	 140.70494	 117.60181	 115.77045
 892	1	 205.93093	 59.87598	 19.39642
 893	1	 4.92140	 6.69660	 330.48226
 894	1	 240.54515	 143.78235	 304.55395
 895	1	 236.02479	 32.66927	 336.02236
 896	1	 324.41986	 41.59928	 91.28179
 897	1	 112.73913	 64.78345	 118.29161
 898	1	 359.88831	 131.70350	 92.09193
 899	1	 183.19235	 42.95634	 358.65576
 900	1	 212.23239	 135.37584	 90.01811
 901	1	 181.90771	 141.02422	 95.63183
 902	1	 359.68177	 47.12322	 89.46458
 903	1	 126.71581	 71.73411	 148.72666
 904	1	 180.00788	 41.74483	 359.87577
 905	1	 141.26027	 117.02905	 202.55045
 906	1	 291.07296	 178.88136	 267.78112
 907	1	 143.21763	 45.24902	 264.10220
 908	1	 326.65777	 40.89536	 3.08168
 909	1	 304.96432	 91.45552	 307.01515
 910	1	 218.99250	 112.63409	 338.60174
 911	1	 40.13162	 41.30195	 172.55082
 912	1	 183.62748	 120.22882	 302.84346
 913	1	 93.42263	 139.16111	 272.54829
 914	1	 319.00052	 109.68507	 206.78909
 915	1	 91.90022	 40.01298	 221.19488
 916	1	 237.14262	 98.16277	 309.44104
 917	1	 60.35477	 144.68482	 293.96268
 918	1	 175.52527	 38.91119	 86.87666
 919	1	 44.42003	 93.31633	 177.23044
 920	1	 305.41347	 35.94749	 204.87506
 921	1	 211.67055	 141.72985	 92.74113
 922	1	 152.30391	 135.37670	 80.49848
 923	1	 54.15767	 73.04544	 121.92545
 924	1	 133.23540	 174.75073	 273.29071
 925	1	 144.33471	 47.19898	 92.14663
 926	1	 69.15173	 67.64950	 28.86089
 927	1	 151.58907	 44.80777	 189.28126
 928	1	 178.89545	 138.34014	 266.63886
 929	1	 91.13450	 144.99415	 313.86887
 930	1	 89.74036	 36.85933	 317.99280
 931	1	 179.61588	 131.63049	 179.24099
 932	1	 125.79602	 80.18465	 325.00304
 933	1	 125.68128	 102.57628	 36.29713
 934	1	 298.58688	 32.37382	 26.95293
 935	1	 129.20582	 72.46302	 53.74326
 936	1	 166.02238	 162.73670	 299.95755
 937	1	 309.19521	 105.66011	 31.23080
 938	1	 25.77532	 121.40187	 346.17545
 939	1	 117.37026	 148.72062	 151.58839
 940	1	 317.53365	 65.80930	 61.59816
 941	1	 2.81268	 164.71304	 68.22150
 942	1	 210.27752	 38.79716	 269.76660
 943	1	 269.92235	 87.85521	 219.24102
 944	1	 271.46097	 144.78548	 221.61111
 945	1	 182.74171	 133.47812	 179.71262
 946	1	 109.42517	 125.00150	 270.40110
 947	1	 116.61443	 142.94636	 245.71216
 948	1	 308.42551	 34.48973	 201.82112
 949	1	 316.81281	 114.43377	 116.62958
 950	1	 51.26536	 39.26775	 241.24637
 951	1	 298.73696	 89.52189	 224.52704
 952	1	 133.40493	 143.51969	 102.33837
 953	1	 25.85871	 59.09384	 15.20598
 954	1	 230.97817	 146.00384	 24.34016
 955	1	 303.73276	 93.26739	 132.13198
 956	1	 90.58633	 144.21849	 45.56999
 957	1	 274.47600	 127.63680	 175.01172
 958	1	 40.29054	 65.37555	 207.75097
 959	1	 239.20934	 92.70043	 136.26467
 960	1	 2.81319	 134.47675	 90.79623
 961	1	 39.87766	 32.62579	 58.13460
 962	1	 260.45719	 41.04715	 227.81589
 963	1	 149.17727	 62.53756	 340.62055
 964	1	 141.52369	 114.18275	 118.94751
 965	1	 328.44202	 43.58668	 357.10493
 966	1	 309.43608	 98.84450	 110.22249
 967	1	 225.19114	 106.81476	 90.82211
 968	1	 352.90014	 8.38223	 212.37420
 969	1	 214.05645	 43.14770	 174.22769
 970	1	 221.03671	 68.87445	 118.31835
 971	1	 6.35532	 137.18758	 177.30185
 972	1	 320.11853	 65.65137	 152.04690
 973	1	 36.64880	 114.65895	 154.63510
 974	1	 353.48251	 127.32647	 140.68066
 975	1	 221.12703	 70.41803	 114.86036
 976	1	 219.77047	 64.92951	 117.04982
 977	1	 237.01126	 29.97848	 334.70858
 978	1	 146.52093	 47.42060	 268.73142
 979	1	 131.49032	 84.29927	 138.60488
 980	1	 324.18429	 137.49992	 357.52908
 981	1	 285.25407	 155.28364	 32.89114
 982	1	 88.79986	 89.73056	 41.41074
 983	1	 269.38195	 145.35011	 45.99760
 984	1	 125.61166	 77.80132	 53.24199
 985	1	 152.89065	 158.30376	 109.77398
 986	1	 321.00488	 46.19789	 89.48462
 987	1	 22.94922	 116.63936	 346.62251
 988	1	 189.12594	 8.33532	 153.54914
 989	1	 322.62885	 66.66278	 158.22387
 990	1	 59.29846	 98.27974	 134.28154
 991	1	 24.91662	 125.94750	 165.64633
 992	1	 46.21335	 38.39757	 174.96833
 993	1	 36.31103	 66.97332	 293.40773
 994	1	 1.18366	 49.25734	 91.09806
 995	1	 1.01909	 134.16956	 90.02293
 996	1	 1.55806	 136.56763	 179.85335
 997	1	 203.74347	 41.54054	 54.81901
 998	1	 182.46066	 133.67513	 87.46915
 999	1	 243.11933	 144.56765	 28.84224
1000	1	 134.97251	 100.98607	 215.78658
