   1	1	 357.56330	 137.20363	 272.34360
   2	1	 176.78293	 47.47277	 358.46670
   3	1	 39.20751	 112.92935	 61.61919
   4	1	 49.14390	 88.22202	 40.41570
   5	1	 0.21432	 43.57973	 359.11559
   6	1	 41.44363	 66.59869	 210.08649
   7	1	 32.24776	 137.06068	 176.73031
   8	1	 137.10400	 64.40236	 335.24715
   9	1	 359.62459	 47.27790	 178.22007
  10	1	 212.20402	 41.56840	 277.08887
  11	1	 1.84565	 48.18775	 0.55073
  12	1	 83.04090	 86.95556	 43.85613
  13	1	 35.36796	 136.97850	 271.65738
  14	1	 177.94103	 41.87444	 87.94411
  15	1	 40.53335	 137.13741	 85.18725
  16	1	 359.98916	 136.78429	 175.58510
  17	1	 269.68951	 94.79561	 225.29221
  18	1	 357.94918	 46.49971	 181.64884
  19	1	 179.43017	 43.73931	 359.47310
  20	1	 358.09039	 40.96507	 85.39222
  21	1	 269.68027	 90.28714	 135.26434
  22	1	 178.04253	 48.18899	 92.37603
  23	1	 271.80739	 90.75060	 226.74759
  24	1	 302.83842	 88.52154	 134.64624
  25	1	 267.75421	 91.30278	 133.78753
  26	1	 331.06992	 133.22720	 4.33614
  27	1	 180.06436	 137.44434	 179.95218
  28	1	 182.51745	 42.18350	 271.31662
  29	1	 2.12995	 46.43963	 91.05185
  30	1	 359.24230	 44.02096	 1.82674
  31	1	 93.29172	 89.81689	 43.52377
  32	1	 271.13631	 34.61292	 225.97463
  33	1	 175.28197	 134.20520	 2.75612
  34	1	 57.74702	 85.95842	 224.28066
  35	1	 177.69675	 46.42796	 179.73258
  36	1	 89.30444	 91.58028	 314.44626
  37	1	 322.45683	 133.78982	 88.90473
  38	1	 272.32646	 89.39281	 132.56342
  39	1	 268.44258	 90.25983	 317.03685
  40	1	 91.39245	 90.32319	 45.26043
  41	1	 179.41145	 133.02894	 88.68245
  42	1	 359.85379	 44.00742	 359.53890
  43	1	 359.64081	 48.65104	 91.11256
  44	1	 92.32286	 89.25878	 130.76660
  45	1	 216.97502	 65.67779	 115.34754
  46	1	 138.64732	 112.66338	 292.47043
  47	1	 4.88141	 133.56193	 87.39279
  48	1	 215.17404	 118.13415	 333.66688
  49	1	 327.78384	 132.24609	 270.28306
  50	1	 269.86026	 90.24760	 314.13514
  51	1	 359.90644	 45.32747	 89.70645
  52	1	 182.11512	 134.60561	 90.81678
  53	1	 358.55586	 47.16593	 267.23885
  54	1	 273.00771	 91.42754	 314.93783
  55	1	 357.25428	 137.67628	 267.49157
  56	1	 136.19890	 65.03522	 153.86326
  57	1	 31.08188	 48.37847	 269.72266
  58	1	 0.04286	 136.04452	 177.94396
  59	1	 177.52636	 136.11116	 91.39152
  60	1	 0.45492	 134.32004	 268.68496
  61	1	 272.25843	 88.08799	 45.90440
  62	1	 0.40810	 135.30172	 182.17470
  63	1	 320.04434	 69.35140	 246.01678
  64	1	 223.02543	 66.98811	 111.87631
  65	1	 177.65808	 134.82637	 175.78659
  66	1	 91.12785	 33.45290	 223.25748
  67	1	 269.90129	 35.77578	 133.36413
  68	1	 184.51481	 46.47996	 268.21390
  69	1	 139.35131	 131.65803	 270.53115
  70	1	 178.87222	 133.59487	 180.81513
  71	1	 358.71004	 135.07437	 359.23860
  72	1	 1.62491	 41.98018	 3.00538
  73	1	 354.95127	 50.14193	 181.24611
  74	1	 137.95750	 112.53714	 204.23267
  75	1	 270.76320	 89.21781	 45.77016
  76	1	 142.24850	 44.47544	 87.19994
  77	1	 178.55790	 44.35519	 2.82594
  78	1	 270.58846	 89.04997	 44.67076
  79	1	 56.80650	 85.07350	 228.95794
  80	1	 217.86667	 116.08038	 328.48460
  81	1	 308.81851	 89.20635	 312.10342
  82	1	 143.00218	 48.45416	 1.65309
  83	1	 270.44857	 88.18806	 43.78211
  84	1	 179.99383	 48.53002	 272.72798
  85	1	 1.99012	 137.04388	 359.46433
  86	1	 86.61648	 92.11532	 135.89566
  87	1	 1.57088	 44.16510	 358.83012
  88	1	 214.46644	 44.39828	 275.29323
  89	1	 182.81959	 137.18584	 2.83781
  90	1	 180.70732	 133.57462	 359.84318
  91	1	 268.17450	 34.55408	 314.88735
  92	1	 217.39373	 65.55813	 206.03662
  93	1	 150.15438	 46.29773	 354.78777
  94	1	 35.25983	 136.58909	 87.42586
  95	1	 175.86325	 45.52648	 358.65733
  96	1	 180.37707	 132.23322	 91.79236
  97	1	 177.24503	 48.19461	 179.61817
  98	1	 182.94096	 40.57285	 88.12953
  99	1	 85.80454	 89.77980	 43.78276
 100	1	 1.93161	 136.69813	 270.79471
 101	1	 358.91921	 44.67007	 268.05490
 102	1	 180.46939	 133.85488	 182.83716
 103	1	 180.44371	 47.79699	 87.70905
 104	1	 5.83857	 136.68744	 177.53433
 105	1	 178.98313	 129.87927	 0.49089
 106	1	 308.72789	 92.85660	 223.71459
 107	1	 54.78580	 94.89149	 230.79535
 108	1	 234.68246	 93.24744	 130.68320
 109	1	 268.66818	 87.53496	 315.19799
 110	1	 177.51794	 43.28336	 175.53606
 111	1	 88.38668	 89.63423	 313.42965
 112	1	 0.44559	 136.20126	 265.97556
 113	1	 359.82591	 135.46316	 90.46691
 114	1	 3.71544	 45.09933	 270.25170
 115	1	 36.34243	 110.87553	 66.67075
 116	1	 215.18803	 47.13690	 90.97087
 117	1	 235.44253	 88.65000	 314.26402
 118	1	 177.55829	 134.07385	 90.80142
 119	1	 180.10020	 45.20393	 356.41079
 120	1	 1.80269	 132.98944	 270.00321
 121	1	 182.77415	 132.85739	 90.56413
 122	1	 86.94527	 89.22264	 135.11968
 123	1	 270.28276	 143.31605	 226.15363
 124	1	 92.53419	 92.08659	 313.23321
 125	1	 91.79237	 88.38277	 46.49794
 126	1	 39.35340	 115.25707	 159.14171
 127	1	 359.71089	 43.61993	 359.30157
 128	1	 90.57687	 88.04713	 137.04076
 129	1	 357.26883	 135.92109	 358.90695
 130	1	 0.47732	 48.74926	 87.82766
 131	1	 55.61302	 89.68576	 127.74189
 132	1	 271.51157	 36.22481	 46.10181
 133	1	 359.18788	 45.42789	 271.78945
 134	1	 183.48664	 136.59809	 89.74604
 135	1	 216.45445	 137.14008	 89.79120
 136	1	 180.97273	 42.08333	 359.98765
 137	1	 89.17992	 90.81006	 40.34538
 138	1	 87.29132	 93.30391	 48.52104
 139	1	 140.23536	 112.06176	 295.37313
 140	1	 321.36676	 115.27307	 299.25043
 141	1	 90.37381	 92.15144	 223.72369
 142	1	 1.58240	 47.93327	 93.34822
 143	1	 177.38790	 46.72677	 86.81729
 144	1	 143.09089	 64.65557	 242.58025
 145	1	 178.59979	 45.45633	 2.49212
 146	1	 33.59741	 140.22041	 0.43236
 147	1	 175.00360	 47.24923	 89.92614
 148	1	 30.64782	 40.67004	 90.84393
 149	1	 216.58622	 68.09165	 294.49814
 150	1	 36.65372	 114.11691	 328.83997
 151	1	 268.39538	 142.94377	 47.91008
 152	1	 3.86746	 42.07913	 271.87437
 153	1	 1.17235	 43.42680	 89.80453
 154	1	 172.76651	 43.52218	 180.13549
 155	1	 0.85681	 134.63230	 89.52522
 156	1	 179.38616	 135.45940	 178.00782
 157	1	 2.27022	 137.25518	 88.70625
 158	1	 265.75554	 89.97962	 229.31655
 159	1	 212.20548	 139.93569	 88.97770
 160	1	 141.64440	 61.95013	 331.68915
 161	1	 143.48873	 38.62121	 357.91894
 162	1	 39.70089	 69.21476	 118.33953
 163	1	 40.59891	 66.97733	 293.34412
 164	1	 323.91993	 130.74232	 87.02021
 165	1	 36.77292	 67.39586	 22.22150
 166	1	 143.22067	 37.89624	 88.74573
 167	1	 180.82584	 134.05938	 1.17634
 168	1	 358.34287	 46.02452	 180.97804
 169	1	 178.28012	 42.55678	 93.80308
 170	1	 330.22340	 133.70919	 267.47930
 171	1	 180.59714	 45.61424	 179.52189
 172	1	 1.79178	 47.83990	 359.43092
 173	1	 88.64104	 35.64152	 317.01439
 174	1	 146.70607	 46.24013	 273.65381
 175	1	 270.59247	 88.35097	 46.37827
 176	1	 178.15737	 137.66210	 3.58035
 177	1	 139.53241	 49.29826	 267.63073
 178	1	 140.90270	 113.32863	 113.45577
 179	1	 357.83357	 137.39784	 175.59447
 180	1	 147.66898	 43.99686	 263.46036
 181	1	 179.16358	 139.72692	 93.22586
 182	1	 1.03001	 134.37587	 267.39800
 183	1	 183.94936	 135.20620	 273.96414
 184	1	 319.93560	 61.13805	 334.33741
 185	1	 320.43113	 113.67206	 27.71507
 186	1	 177.03971	 132.36789	 91.04335
 187	1	 143.03137	 136.49548	 180.29978
 188	1	 88.42897	 88.09448	 312.79323
 189	1	 95.20848	 90.27450	 227.78397
 190	1	 37.40364	 62.83445	 298.75891
 191	1	 1.50311	 45.04669	 274.25349
 192	1	 269.25390	 89.11318	 136.17474
 193	1	 321.53937	 111.43782	 294.47145
 194	1	 180.76567	 48.76642	 0.75609
 195	1	 307.56782	 89.73709	 131.28443
 196	1	 91.28708	 90.79686	 46.24171
 197	1	 179.74765	 48.30935	 0.24990
 198	1	 1.40307	 137.73294	 92.09620
 199	1	 1.80910	 132.61537	 266.63602
 200	1	 182.33982	 46.87028	 91.39000
 201	1	 0.54890	 134.58291	 272.86827
 202	1	 143.61856	 136.13207	 357.76499
 203	1	 2.16868	 45.83547	 177.84355
 204	1	 148.26248	 45.69977	 86.73984
 205	1	 36.17740	 134.91306	 358.62846
 206	1	 325.37840	 136.13402	 173.78255
 207	1	 96.55501	 92.20404	 220.95933
 208	1	 216.96003	 113.72337	 333.25325
 209	1	 354.30436	 48.35835	 267.65942
 210	1	 85.81155	 91.15247	 45.03777
 211	1	 3.37686	 134.76086	 90.59296
 212	1	 93.26865	 90.91703	 311.94929
 213	1	 354.40343	 51.63973	 270.65790
 214	1	 37.69662	 42.18481	 179.96429
 215	1	 183.10751	 45.24941	 180.13468
 216	1	 5.05167	 133.67767	 91.57309
 217	1	 270.90866	 36.88594	 223.95654
 218	1	 176.80398	 45.10290	 179.57350
 219	1	 90.72547	 86.00971	 137.78273
 220	1	 178.82252	 135.26593	 182.63323
 221	1	 214.93534	 138.82432	 272.62297
 222	1	 270.64519	 35.91185	 222.81109
 223	1	 179.03256	 42.44518	 88.53301
 224	1	 271.35473	 87.50035	 223.18768
 225	1	 238.42629	 92.77458	 316.86022
 226	1	 321.11029	 113.59312	 114.85092
 227	1	 181.57457	 43.47363	 2.23867
 228	1	 39.46901	 116.15459	 243.56049
 229	1	 180.70195	 136.60435	 272.83702
 230	1	 177.32327	 42.99854	 273.02902
 231	1	 268.69009	 86.95849	 227.66998
 232	1	 268.53256	 92.13451	 315.02816
 233	1	 178.08414	 136.38916	 91.26073
 234	1	 323.71041	 45.18594	 1.64063
 235	1	 182.10150	 134.39336	 272.06227
 236	1	 358.64025	 136.01778	 0.46542
 237	1	 212.50712	 47.50084	 90.54508
 238	1	 2.50997	 44.74179	 179.61465
 239	1	 141.33893	 113.40398	 297.67695
 240	1	 176.31053	 134.92517	 184.24096
 241	1	 181.68825	 46.60869	 272.77637
 242	1	 359.34317	 41.73808	 269.97419
 243	1	 210.62755	 40.12934	 78.38280
 244	1	 270.22080	 87.49307	 40.57695
 245	1	 271.55019	 149.33197	 226.02433
 246	1	 92.68047	 145.30159	 134.07138
 247	1	 271.03556	 88.45639	 219.99648
 248	1	 178.80588	 138.01885	 1.35882
 249	1	 180.81970	 136.74801	 269.48006
 250	1	 268.01324	 91.96436	 228.65360
 251	1	 1.48609	 43.26347	 87.08457
 252	1	 182.88253	 132.03741	 266.39748
 253	1	 183.36909	 46.23562	 269.16168
 254	1	 272.75098	 89.74716	 130.41851
 255	1	 267.84099	 91.44414	 314.52605
 256	1	 179.41462	 136.97158	 185.95830
 257	1	 89.93126	 88.68848	 313.57873
 258	1	 89.64257	 87.38587	 317.33451
 259	1	 122.47820	 89.75932	 317.64888
 260	1	 32.13185	 134.67604	 92.66850
 261	1	 145.06804	 48.65338	 94.59624
 262	1	 358.45327	 46.15663	 90.99177
 263	1	 274.79673	 89.72482	 227.91522
 264	1	 177.98532	 44.24560	 272.38927
 265	1	 180.87087	 134.43731	 269.51511
 266	1	 324.10698	 40.73883	 359.82934
 267	1	 143.99342	 141.25576	 86.87402
 268	1	 88.55508	 89.11077	 44.48837
 269	1	 87.79133	 91.04475	 42.46599
 270	1	 222.49468	 68.16370	 25.71507
 271	1	 1.99791	 44.42724	 91.04470
 272	1	 142.87486	 43.91818	 270.92335
 273	1	 359.89918	 46.22703	 86.10314
 274	1	 219.81821	 48.40996	 179.75664
 275	1	 42.85797	 67.12560	 25.06777
 276	1	 41.90567	 66.17341	 299.60186
 277	1	 269.98089	 144.82476	 225.21959
 278	1	 358.62978	 135.77009	 180.24823
 279	1	 91.69432	 91.65347	 225.73412
 280	1	 0.98814	 138.36494	 358.56511
 281	1	 2.61344	 47.39253	 88.94873
 282	1	 231.75419	 92.31577	 312.35896
 283	1	 320.25463	 117.08823	 207.83568
 284	1	 270.69773	 35.81989	 44.51944
 285	1	 359.60248	 136.72435	 266.52435
 286	1	 3.09153	 132.61794	 269.34007
 287	1	 144.71314	 45.80965	 266.92506
 288	1	 0.13082	 47.86491	 90.21678
 289	1	 213.13348	 42.61654	 87.35017
 290	1	 4.85283	 40.60802	 91.36065
 291	1	 358.95875	 133.95500	 272.09929
 292	1	 180.22198	 134.61250	 178.40793
 293	1	 175.53735	 46.38874	 178.92832
 294	1	 178.37493	 46.21980	 91.57287
 295	1	 323.95195	 139.36720	 89.05784
 296	1	 270.25144	 89.81833	 46.03331
 297	1	 90.89132	 88.33681	 220.81924
 298	1	 89.39577	 35.73947	 316.97243
 299	1	 217.50444	 138.86224	 270.20198
 300	1	 181.81897	 49.39457	 270.09962
 301	1	 61.52458	 91.25466	 135.32356
 302	1	 179.17091	 136.73056	 179.80545
 303	1	 180.50278	 42.84696	 1.07255
 304	1	 319.62631	 117.87791	 28.31637
 305	1	 268.91537	 92.32113	 224.45773
 306	1	 147.25068	 137.21598	 91.40522
 307	1	 141.19912	 110.74994	 116.80809
 308	1	 326.91314	 48.50759	 178.55806
 309	1	 359.62724	 44.04816	 271.75416
 310	1	 270.36342	 88.02291	 134.42700
 311	1	 183.07171	 136.37998	 3.63177
 312	1	 85.74616	 32.42381	 134.54127
 313	1	 268.57277	 145.20983	 133.78738
 314	1	 90.82770	 90.65551	 132.52651
 315	1	 125.66251	 91.57503	 316.23971
 316	1	 356.66825	 44.16284	 176.68382
 317	1	 91.65152	 146.56967	 136.11155
 318	1	 269.50778	 89.08721	 314.60494
 319	1	 181.30655	 43.73277	 177.86044
 320	1	 273.16418	 88.49462	 139.28728
 321	1	 181.47975	 44.67705	 179.75594
 322	1	 37.60032	 135.42793	 275.55759
 323	1	 237.71372	 88.98345	 227.35813
 324	1	 143.33852	 114.43907	 114.57453
 325	1	 181.76854	 135.81064	 86.75583
 326	1	 182.12144	 133.24850	 1.49690
 327	1	 177.29864	 135.24305	 270.89076
 328	1	 358.39497	 48.40994	 269.33050
 329	1	 272.03653	 140.64441	 224.73525
 330	1	 359.73915	 47.04522	 180.45818
 331	1	 269.20536	 90.50015	 45.03226
 332	1	 90.33335	 90.50495	 315.86855
 333	1	 181.40808	 133.81512	 177.81511
 334	1	 176.43770	 45.61411	 2.73238
 335	1	 356.30545	 132.25121	 359.90594
 336	1	 182.86517	 45.14472	 91.50212
 337	1	 327.33321	 42.46405	 91.77184
 338	1	 90.81156	 88.73590	 312.52485
 339	1	 178.70212	 136.34972	 89.09986
 340	1	 89.34734	 88.10018	 224.74081
 341	1	 301.44670	 89.78702	 315.30970
 342	1	 320.40218	 114.73554	 299.86882
 343	1	 141.09007	 46.79549	 265.26767
 344	1	 183.22706	 47.07301	 359.21207
 345	1	 214.08659	 44.04561	 3.02821
 346	1	 88.88784	 38.40302	 135.56392
 347	1	 141.24031	 115.59439	 26.71291
 348	1	 269.68784	 143.84174	 132.67285
 349	1	 143.29926	 51.16746	 90.50633
 350	1	 181.97107	 132.70822	 181.01400
 351	1	 3.34602	 132.85646	 269.43855
 352	1	 182.89537	 44.43460	 270.61795
 353	1	 268.83214	 144.53676	 136.98880
 354	1	 37.46728	 43.44380	 183.58099
 355	1	 266.50378	 90.53645	 224.68270
 356	1	 182.32870	 136.81433	 274.15377
 357	1	 145.95075	 133.90196	 98.96208
 358	1	 0.70139	 136.70839	 92.19555
 359	1	 180.78141	 48.27414	 1.03697
 360	1	 269.28121	 89.92925	 133.23767
 361	1	 87.99707	 92.77362	 44.63182
 362	1	 182.32261	 134.63263	 186.20994
 363	1	 182.21529	 140.70970	 92.50644
 364	1	 234.02172	 87.37944	 46.47848
 365	1	 0.22700	 134.20086	 270.82304
 366	1	 180.09498	 43.51172	 179.07054
 367	1	 269.09148	 87.12949	 40.21188
 368	1	 36.34248	 137.67484	 265.56756
 369	1	 140.18895	 115.22586	 296.00385
 370	1	 358.76991	 45.69253	 91.16454
 371	1	 87.67820	 85.09398	 137.14646
 372	1	 178.71347	 41.35771	 183.29766
 373	1	 39.53984	 66.58844	 118.02001
 374	1	 175.99084	 132.08485	 1.35468
 375	1	 182.01929	 46.01543	 355.38023
 376	1	 92.01225	 88.42039	 135.29522
 377	1	 271.52585	 86.63169	 45.74390
 378	1	 357.97749	 131.01220	 183.73050
 379	1	 2.69067	 130.68446	 91.44263
 380	1	 41.77238	 67.95763	 28.31015
 381	1	 357.03831	 41.85694	 358.26678
 382	1	 358.02792	 47.09820	 88.75040
 383	1	 92.52359	 89.55830	 312.04112
 384	1	 271.78147	 89.06164	 313.46256
 385	1	 88.07423	 35.24349	 227.43567
 386	1	 2.24739	 43.48042	 90.58902
 387	1	 359.25541	 131.40641	 93.85788
 388	1	 299.74139	 87.45765	 226.99298
 389	1	 358.07530	 133.31925	 1.58855
 390	1	 181.65481	 42.62595	 270.78923
 391	1	 271.91393	 91.05110	 43.82902
 392	1	 182.11888	 134.76542	 182.99113
 393	1	 140.00762	 48.87859	 91.11483
 394	1	 91.43470	 33.84893	 224.64292
 395	1	 0.06216	 47.51294	 272.39929
 396	1	 359.10850	 136.73958	 181.77630
 397	1	 86.91871	 35.67187	 47.29796
 398	1	 324.85086	 47.59596	 358.11690
 399	1	 37.90103	 111.96190	 241.79482
 400	1	 139.33782	 63.77222	 63.51826
 401	1	 3.54779	 43.68377	 357.38593
 402	1	 30.53357	 132.67526	 88.53070
 403	1	 269.63753	 89.95986	 224.70635
 404	1	 272.46504	 88.65881	 316.71281
 405	1	 92.22296	 88.25794	 45.98045
 406	1	 357.71777	 136.50777	 87.38076
 407	1	 355.20977	 44.42412	 358.92386
 408	1	 54.87498	 92.42314	 316.41035
 409	1	 358.58332	 135.58384	 178.77184
 410	1	 328.57608	 41.38058	 269.89983
 411	1	 0.04955	 135.01189	 90.84959
 412	1	 180.00369	 46.09162	 0.53888
 413	1	 320.40721	 117.34974	 115.89405
 414	1	 304.64824	 86.07052	 44.09073
 415	1	 218.47836	 45.05884	 185.09504
 416	1	 358.68266	 132.67151	 180.88984
 417	1	 179.54678	 138.84959	 271.85587
 418	1	 357.85830	 134.39654	 90.86873
 419	1	 179.00067	 137.12694	 181.16162
 420	1	 270.07663	 92.07420	 45.44185
 421	1	 222.01536	 66.43846	 115.22878
 422	1	 271.82628	 90.29182	 317.15770
 423	1	 2.77351	 139.71449	 86.24257
 424	1	 42.63406	 113.54524	 243.30149
 425	1	 306.22107	 92.51649	 42.82032
 426	1	 181.10749	 133.55732	 90.27104
 427	1	 40.53095	 113.11185	 245.00863
 428	1	 177.79498	 45.27629	 272.58560
 429	1	 92.69589	 90.44350	 133.81386
 430	1	 274.57287	 90.27762	 225.88601
 431	1	 235.28701	 92.25359	 133.09874
 432	1	 333.28872	 43.55782	 3.54539
 433	1	 271.11716	 90.33337	 225.32469
 434	1	 182.44383	 44.85361	 1.05594
 435	1	 89.72824	 95.29873	 229.22406
 436	1	 355.92658	 134.13470	 93.81975
 437	1	 321.31396	 64.47833	 330.91916
 438	1	 265.25730	 90.72967	 138.67490
 439	1	 303.61388	 94.95971	 314.84729
 440	1	 87.65410	 92.57399	 227.18294
 441	1	 220.28356	 69.22419	 27.45935
 442	1	 0.88546	 132.74948	 267.68724
 443	1	 89.13582	 29.71564	 135.87941
 444	1	 328.02249	 137.31528	 175.98237
 445	1	 1.74531	 45.01642	 92.74782
 446	1	 270.05111	 91.00918	 229.11189
 447	1	 179.95764	 51.02737	 182.82098
 448	1	 359.93505	 46.48755	 181.57162
 449	1	 178.23090	 47.92873	 1.74281
 450	1	 319.09552	 68.09751	 334.17497
 451	1	 86.72000	 88.04646	 134.82401
 452	1	 182.12898	 45.70371	 93.47304
 453	1	 269.70768	 144.80792	 136.40055
 454	1	 321.35800	 135.56222	 87.64698
 455	1	 268.58444	 90.96009	 136.25184
 456	1	 28.69426	 40.98012	 272.79946
 457	1	 271.46624	 88.85893	 316.27534
 458	1	 174.87229	 42.27023	 87.11988
 459	1	 93.66486	 89.36399	 139.87458
 460	1	 270.88170	 32.66517	 316.03723
 461	1	 184.81553	 133.57707	 270.54495
 462	1	 4.38410	 134.11835	 182.07806
 463	1	 92.43388	 90.16595	 136.19222
 464	1	 180.43915	 43.21307	 359.13545
 465	1	 180.81439	 138.12734	 91.58645
 466	1	 273.35606	 92.98323	 312.32000
 467	1	 124.12302	 88.06179	 230.01388
 468	1	 91.40382	 29.77068	 223.41144
 469	1	 269.65015	 37.82702	 45.22030
 470	1	 209.39954	 136.68164	 268.30477
 471	1	 93.30785	 88.15764	 45.29699
 472	1	 41.58302	 66.07057	 115.77223
 473	1	 358.85031	 133.78677	 87.57620
 474	1	 359.19603	 131.86590	 359.22599
 475	1	 90.63392	 89.57644	 226.84804
 476	1	 218.99464	 137.32298	 359.50232
 477	1	 1.62382	 137.02652	 90.92333
 478	1	 355.49691	 39.36732	 269.69297
 479	1	 143.26152	 133.26680	 8.15464
 480	1	 1.78141	 135.80507	 267.81256
 481	1	 37.64144	 114.43550	 331.19329
 482	1	 215.22073	 136.38592	 88.80602
 483	1	 92.97073	 144.49285	 224.50496
 484	1	 177.86201	 44.65969	 268.40541
 485	1	 141.59234	 111.59902	 207.56853
 486	1	 94.17942	 92.10149	 318.10673
 487	1	 215.03127	 136.95494	 271.93871
 488	1	 177.88316	 134.53636	 1.04374
 489	1	 90.72085	 92.21517	 38.95716
 490	1	 34.69076	 132.94661	 271.75476
 491	1	 179.56982	 137.06934	 270.09140
 492	1	 39.83836	 63.15614	 119.44894
 493	1	 0.35279	 48.48534	 87.64639
 494	1	 1.04300	 45.98874	 181.30958
 495	1	 270.19447	 90.34022	 44.21302
 496	1	 220.28602	 115.03506	 242.04427
 497	1	 357.46107	 48.68035	 94.54220
 498	1	 322.99745	 115.92171	 205.01049
 499	1	 38.13757	 49.48759	 178.19951
 500	1	 39.89240	 67.23440	 117.48588
 501	1	 355.68980	 43.24905	 0.68063
 502	1	 356.88236	 134.16909	 1.08160
 503	1	 215.35394	 46.51968	 0.27984
 504	1	 144.37141	 46.54698	 86.03482
 505	1	 140.85453	 67.33560	 242.73596
 506	1	 211.91418	 134.25319	 0.78229
 507	1	 175.88157	 132.24840	 269.94315
 508	1	 172.20295	 135.99138	 93.07314
 509	1	 3.78752	 132.34860	 180.95072
 510	1	 183.22245	 134.96373	 266.33566
 511	1	 179.79386	 47.97406	 272.04195
 512	1	 90.64143	 88.28759	 223.62651
 513	1	 359.51161	 135.94990	 89.53281
 514	1	 304.67124	 87.19859	 142.51691
 515	1	 320.99949	 67.42645	 153.51792
 516	1	 88.79161	 90.98072	 44.83200
 517	1	 271.58911	 90.71428	 317.26272
 518	1	 90.96518	 32.62387	 44.74004
 519	1	 221.40976	 64.82742	 28.14460
 520	1	 238.69875	 88.81747	 319.48676
 521	1	 140.30944	 63.76671	 332.68444
 522	1	 358.65629	 43.17817	 180.89310
 523	1	 319.31153	 112.73327	 296.07266
 524	1	 299.77474	 87.93546	 46.86518
 525	1	 207.17969	 51.11223	 92.16870
 526	1	 270.73960	 89.83301	 46.66173
 527	1	 38.90514	 67.78258	 116.59208
 528	1	 182.34112	 46.61979	 90.12098
 529	1	 144.46220	 39.80524	 87.83416
 530	1	 182.06908	 135.38500	 359.25203
 531	1	 88.33080	 93.46659	 312.90112
 532	1	 326.74107	 127.94445	 1.45368
 533	1	 265.37896	 90.56781	 135.83323
 534	1	 125.08819	 93.29734	 312.34432
 535	1	 91.09314	 142.40905	 47.72210
 536	1	 219.38639	 47.39510	 94.22921
 537	1	 310.51622	 90.62501	 227.31217
 538	1	 182.49576	 134.13878	 179.87031
 539	1	 174.75383	 132.98220	 92.02340
 540	1	 269.25379	 91.65773	 42.46501
 541	1	 359.73079	 136.50274	 180.38757
 542	1	 272.31028	 37.54475	 312.49374
 543	1	 88.15123	 91.31412	 316.00315
 544	1	 180.23675	 134.11616	 184.36358
 545	1	 87.67132	 86.97381	 139.18319
 546	1	 358.11401	 47.41120	 268.05051
 547	1	 358.87950	 134.48153	 267.50875
 548	1	 235.30281	 98.73701	 134.48852
 549	1	 179.92237	 136.68199	 1.56454
 550	1	 271.16205	 144.03376	 43.47724
 551	1	 0.37613	 47.57855	 87.68140
 552	1	 124.50305	 94.51231	 49.65317
 553	1	 233.04127	 85.47917	 138.77124
 554	1	 183.24403	 44.99332	 271.37362
 555	1	 271.40366	 88.10065	 312.10286
 556	1	 34.18838	 44.21923	 270.78330
 557	1	 34.54811	 50.04011	 3.98848
 558	1	 91.95004	 89.08934	 46.71271
 559	1	 31.32147	 132.50266	 271.07526
 560	1	 35.47699	 132.99112	 88.45990
 561	1	 319.12596	 136.17353	 270.25679
 562	1	 146.57094	 47.46801	 357.18266
 563	1	 144.62826	 48.02846	 93.46594
 564	1	 265.62032	 92.47241	 224.38207
 565	1	 90.24392	 90.29245	 316.10988
 566	1	 126.61892	 86.49933	 48.43042
 567	1	 0.90589	 45.33919	 178.76890
 568	1	 183.74601	 43.71640	 271.03589
 569	1	 179.81843	 44.32673	 179.98107
 570	1	 181.61109	 41.26218	 357.34129
 571	1	 89.54955	 91.51285	 45.69957
 572	1	 181.29619	 134.13712	 1.39318
 573	1	 87.96517	 88.37696	 225.49345
 574	1	 41.84576	 66.71868	 205.26378
 575	1	 183.17698	 137.64738	 87.61618
 576	1	 180.71672	 134.88605	 91.31607
 577	1	 272.33735	 89.46854	 221.74615
 578	1	 178.91806	 131.91153	 180.98629
 579	1	 181.46012	 46.42982	 88.68298
 580	1	 88.40455	 86.66276	 314.18035
 581	1	 320.74513	 68.95883	 242.36831
 582	1	 88.07602	 86.75920	 46.31276
 583	1	 180.41256	 133.19502	 178.01964
 584	1	 269.84405	 37.45151	 45.46792
 585	1	 180.51058	 133.37327	 89.82614
 586	1	 303.98352	 90.54666	 225.50834
 587	1	 140.71101	 115.00742	 297.03599
 588	1	 272.15581	 90.87963	 40.63870
 589	1	 94.16920	 142.69725	 224.99948
 590	1	 267.58443	 86.89259	 317.14341
 591	1	 218.19064	 114.21913	 242.37865
 592	1	 3.49355	 41.14097	 268.40701
 593	1	 178.26575	 42.21879	 92.12448
 594	1	 182.64776	 44.97696	 270.11800
 595	1	 213.38181	 131.77851	 268.38745
 596	1	 179.33785	 39.80718	 184.42749
 597	1	 271.31605	 90.46380	 317.94996
 598	1	 0.76764	 43.29518	 179.80718
 599	1	 1.94103	 131.53065	 90.03623
 600	1	 90.84961	 89.26406	 225.43435
 601	1	 215.25610	 45.04161	 177.91185
 602	1	 145.22831	 134.09008	 182.24809
 603	1	 146.00237	 46.19488	 176.60663
 604	1	 266.82174	 94.38771	 314.29941
 605	1	 321.21331	 64.15669	 63.20639
 606	1	 326.69437	 133.74160	 88.36883
 607	1	 178.84926	 136.37126	 269.50458
 608	1	 181.58517	 133.17851	 0.87245
 609	1	 90.26354	 37.53081	 132.60282
 610	1	 182.08639	 135.78741	 272.67807
 611	1	 88.23930	 143.70646	 134.01641
 612	1	 138.46572	 114.27034	 208.53485
 613	1	 238.72457	 88.78676	 135.32994
 614	1	 356.58318	 133.78095	 3.72921
 615	1	 142.01505	 63.53729	 247.01783
 616	1	 142.84127	 111.60856	 113.05906
 617	1	 89.71950	 145.34651	 44.10308
 618	1	 140.31856	 115.00078	 29.34681
 619	1	 38.01436	 68.76207	 301.07813
 620	1	 354.20206	 131.01590	 90.47603
 621	1	 266.14352	 35.91797	 135.57917
 622	1	 329.99163	 139.69247	 89.19239
 623	1	 179.92647	 133.81526	 269.84919
 624	1	 183.13042	 134.24550	 181.59298
 625	1	 237.45105	 93.40357	 314.47817
 626	1	 181.25658	 44.99181	 181.76337
 627	1	 272.03395	 146.13755	 134.14441
 628	1	 359.95574	 42.32113	 181.92372
 629	1	 178.39832	 132.88946	 180.10128
 630	1	 181.95557	 46.17593	 270.16820
 631	1	 239.02483	 91.93902	 222.84744
 632	1	 183.20703	 133.45163	 268.52250
 633	1	 88.47868	 89.89260	 43.93259
 634	1	 270.77490	 86.35232	 224.55112
 635	1	 272.84996	 37.84113	 314.18394
 636	1	 181.78927	 131.79197	 85.45860
 637	1	 181.54514	 41.38471	 359.64771
 638	1	 2.10215	 137.04371	 271.77418
 639	1	 213.03553	 136.61955	 90.22151
 640	1	 270.15104	 87.32561	 136.29695
 641	1	 233.69682	 91.28824	 218.79828
 642	1	 269.09714	 89.49018	 134.31855
 643	1	 266.80198	 34.47066	 51.27443
 644	1	 42.87088	 116.78491	 331.54040
 645	1	 213.47269	 114.91693	 59.68544
 646	1	 134.27542	 66.77276	 156.37530
 647	1	 180.95819	 137.16990	 90.62473
 648	1	 268.13500	 145.50259	 46.45218
 649	1	 272.32804	 31.80215	 135.02745
 650	1	 93.03613	 87.77179	 44.36473
 651	1	 264.75727	 88.97964	 44.67301
 652	1	 329.12607	 133.75553	 180.46261
 653	1	 358.92562	 133.62229	 93.18105
 654	1	 0.59808	 134.35705	 91.90372
 655	1	 143.01227	 66.55530	 243.15613
 656	1	 177.52418	 41.46677	 267.61799
 657	1	 182.14107	 45.78043	 85.33798
 658	1	 358.05301	 41.34089	 88.73634
 659	1	 181.18697	 42.27400	 184.29386
 660	1	 269.30338	 90.33884	 318.45066
 661	1	 182.39809	 135.94865	 269.24064
 662	1	 41.27505	 115.83951	 63.10911
 663	1	 320.01849	 64.81682	 244.90006
 664	1	 141.17086	 114.60762	 114.13866
 665	1	 90.55941	 88.81307	 42.89325
 666	1	 126.55017	 92.99639	 316.94750
 667	1	 181.10777	 136.53557	 357.17307
 668	1	 181.37143	 43.69858	 179.36881
 669	1	 177.14445	 43.29731	 1.41714
 670	1	 180.75101	 136.88448	 270.17102
 671	1	 58.45740	 85.44424	 44.52732
 672	1	 175.80632	 137.01516	 179.93567
 673	1	 178.55745	 43.28209	 93.45307
 674	1	 88.23435	 87.35846	 46.90567
 675	1	 268.08842	 86.52944	 316.02003
 676	1	 183.82484	 48.38793	 182.03781
 677	1	 178.73572	 138.37669	 175.20017
 678	1	 183.96925	 44.11107	 90.34701
 679	1	 235.15502	 86.41956	 229.78138
 680	1	 181.32109	 131.61984	 89.81046
 681	1	 320.88746	 64.96991	 245.02682
 682	1	 357.59449	 134.42716	 263.61600
 683	1	 93.72722	 37.32353	 135.38851
 684	1	 1.77746	 135.88627	 358.29530
 685	1	 215.09430	 44.70827	 2.74282
 686	1	 221.41277	 66.27790	 293.75769
 687	1	 359.76479	 47.42517	 358.34724
 688	1	 270.37578	 90.13483	 46.13701
 689	1	 271.72363	 91.78031	 45.53865
 690	1	 41.82094	 63.69529	 118.79014
 691	1	 359.99388	 45.84645	 268.26415
 692	1	 271.00450	 91.81583	 138.17672
 693	1	 37.74044	 66.32726	 27.76806
 694	1	 4.19934	 43.28428	 181.04433
 695	1	 184.96222	 133.51561	 356.86963
 696	1	 1.99617	 134.94480	 1.43976
 697	1	 89.01991	 92.03044	 221.57658
 698	1	 271.61132	 90.81698	 51.72799
 699	1	 359.24549	 136.57761	 91.16443
 700	1	 33.47465	 42.69725	 358.79839
 701	1	 267.85682	 32.39373	 45.08135
 702	1	 274.63979	 143.69246	 317.51982
 703	1	 93.38822	 36.03457	 135.30522
 704	1	 88.59337	 90.04502	 46.41284
 705	1	 181.34581	 46.81828	 171.63007
 706	1	 268.79140	 89.91078	 46.02678
 707	1	 174.79233	 43.89584	 90.17778
 708	1	 1.90454	 44.80394	 89.70140
 709	1	 92.97426	 36.70470	 136.78452
 710	1	 217.73292	 45.61598	 270.03082
 711	1	 359.30054	 45.44444	 176.05828
 712	1	 178.70159	 44.72393	 180.19766
 713	1	 180.49525	 44.16130	 90.79959
 714	1	 0.16688	 47.68767	 265.44597
 715	1	 357.24582	 44.63717	 359.36529
 716	1	 88.64551	 91.84908	 231.07901
 717	1	 318.73056	 114.50776	 120.08994
 718	1	 270.79582	 31.68330	 311.98798
 719	1	 216.02116	 133.92539	 93.54240
 720	1	 270.53172	 87.17649	 223.91687
 721	1	 1.67916	 135.95307	 178.08298
 722	1	 90.03195	 89.84673	 135.00884
 723	1	 358.23402	 137.13599	 270.51757
 724	1	 143.69824	 42.68252	 183.23126
 725	1	 88.61547	 86.45924	 224.18457
 726	1	 358.83134	 135.33871	 92.57401
 727	1	 56.98956	 87.79380	 133.63608
 728	1	 178.60542	 130.63127	 358.62429
 729	1	 272.63569	 88.71347	 223.64883
 730	1	 38.12034	 67.15424	 116.34947
 731	1	 176.66791	 44.64444	 179.27715
 732	1	 147.39518	 42.60404	 178.38720
 733	1	 180.38957	 136.10467	 272.42767
 734	1	 122.75780	 89.87358	 43.07898
 735	1	 177.88049	 40.80759	 269.19984
 736	1	 0.12470	 136.90566	 357.55381
 737	1	 57.21522	 91.34394	 49.30132
 738	1	 90.76724	 92.20232	 47.13135
 739	1	 270.98422	 37.53248	 225.66707
 740	1	 267.68781	 147.82779	 220.36561
 741	1	 136.93601	 113.00640	 295.49263
 742	1	 41.44374	 135.84974	 179.05331
 743	1	 359.93115	 44.65851	 270.12768
 744	1	 37.64929	 113.62890	 63.95551
 745	1	 269.41346	 88.18810	 135.23744
 746	1	 268.81459	 92.81273	 45.05963
 747	1	 272.55495	 144.71832	 318.94743
 748	1	 356.51565	 138.35584	 90.07993
 749	1	 215.75507	 115.26086	 63.90724
 750	1	 218.01107	 41.46397	 263.99242
 751	1	 220.59659	 131.71405	 269.66633
 752	1	 89.06374	 88.58924	 230.39525
 753	1	 91.62597	 93.03897	 225.22105
 754	1	 211.61237	 41.73561	 180.77045
 755	1	 180.80054	 134.41410	 271.04414
 756	1	 182.39996	 43.81260	 90.89194
 757	1	 141.89453	 71.49112	 246.94332
 758	1	 274.23504	 35.41483	 43.16590
 759	1	 90.29257	 90.29982	 133.09154
 760	1	 216.80621	 48.86907	 266.52077
 761	1	 180.33702	 132.61661	 356.61438
 762	1	 180.10813	 133.67092	 182.67081
 763	1	 3.83864	 45.01428	 86.42243
 764	1	 146.43823	 49.49210	 88.85323
 765	1	 1.08145	 46.38324	 3.84668
 766	1	 90.42536	 89.81218	 316.85455
 767	1	 180.82781	 133.62276	 268.83594
 768	1	 92.17008	 35.05855	 316.25018
 769	1	 2.03126	 136.28410	 268.33631
 770	1	 38.17946	 44.66430	 177.27262
 771	1	 0.90342	 132.69591	 358.15111
 772	1	 0.07671	 45.89615	 271.70028
 773	1	 40.52183	 116.20152	 247.56495
 774	1	 86.59625	 85.33361	 40.78434
 775	1	 231.78604	 95.70320	 315.20200
 776	1	 177.89060	 133.21090	 359.12865
 777	1	 184.17334	 132.51568	 359.44705
 778	1	 358.79753	 45.50213	 176.52206
 779	1	 270.12033	 35.41370	 315.21097
 780	1	 222.85118	 63.63615	 112.64548
 781	1	 275.14354	 36.57696	 134.82392
 782	1	 177.01097	 134.53364	 269.81139
 783	1	 125.98726	 87.99121	 317.63716
 784	1	 269.04137	 141.05173	 41.63579
 785	1	 275.50266	 37.02421	 312.57062
 786	1	 4.18383	 133.58085	 268.44906
 787	1	 91.13521	 90.45212	 130.77730
 788	1	 87.85078	 89.53105	 224.64001
 789	1	 270.22840	 146.22090	 225.41676
 790	1	 325.45258	 51.19223	 83.54330
 791	1	 93.57248	 90.18850	 42.88192
 792	1	 32.99843	 47.52153	 174.79744
 793	1	 0.78067	 132.77755	 179.46959
 794	1	 321.91595	 134.24391	 89.00584
 795	1	 270.24581	 146.29337	 134.63015
 796	1	 212.08422	 130.63256	 0.14805
 797	1	 268.27750	 89.69786	 48.86670
 798	1	 269.77608	 89.25085	 311.42555
 799	1	 87.81362	 94.52433	 43.72026
 800	1	 217.37438	 137.32593	 269.98476
 801	1	 359.04457	 135.28328	 88.22762
 802	1	 1.90038	 131.37055	 269.37674
 803	1	 271.46055	 92.63003	 137.81993
 804	1	 91.91171	 88.21495	 229.74974
 805	1	 91.80815	 87.34499	 47.81115
 806	1	 178.45229	 45.85474	 179.35403
 807	1	 272.23582	 142.84723	 314.72376
 808	1	 0.26804	 132.16140	 267.42884
 809	1	 52.43721	 92.81743	 224.84401
 810	1	 358.47869	 44.34371	 268.73424
 811	1	 184.69586	 133.18570	 359.55087
 812	1	 269.75406	 89.14061	 134.41190
 813	1	 86.71713	 83.81106	 224.99353
 814	1	 4.37477	 45.92151	 183.96746
 815	1	 88.61909	 85.50870	 318.13685
 816	1	 211.44066	 128.31435	 87.47011
 817	1	 357.38100	 136.12942	 267.98097
 818	1	 267.59378	 32.68871	 224.69072
 819	1	 3.08502	 46.94104	 268.64259
 820	1	 267.55769	 89.67429	 223.60764
 821	1	 89.98627	 92.68307	 314.11984
 822	1	 270.12462	 91.37921	 221.57754
 823	1	 328.18013	 45.81590	 268.67465
 824	1	 180.39867	 42.37916	 2.02129
 825	1	 39.42296	 116.18149	 154.32801
 826	1	 267.55000	 147.83119	 313.88276
 827	1	 90.28663	 90.19147	 225.43590
 828	1	 146.32479	 113.92693	 294.34092
 829	1	 308.68261	 90.70857	 316.86759
 830	1	 305.37952	 94.35532	 223.58559
 831	1	 218.33579	 116.43142	 240.48422
 832	1	 328.68623	 46.05239	 274.04074
 833	1	 88.60221	 146.51619	 135.13726
 834	1	 34.36666	 67.78993	 294.89651
 835	1	 303.27028	 94.10941	 44.05886
 836	1	 269.66463	 90.32123	 41.72217
 837	1	 267.67291	 86.29653	 228.17231
 838	1	 0.48222	 46.72529	 178.68008
 839	1	 177.24195	 135.42257	 1.65926
 840	1	 181.27859	 48.17139	 182.41587
 841	1	 90.10968	 88.93510	 41.59282
 842	1	 183.52243	 138.04223	 179.30982
 843	1	 88.86449	 88.07989	 131.83050
 844	1	 357.39953	 41.20207	 90.37348
 845	1	 181.02612	 133.27756	 179.45859
 846	1	 298.75258	 90.08678	 227.17403
 847	1	 176.80268	 44.91610	 180.78459
 848	1	 217.56373	 112.18262	 61.62690
 849	1	 126.48423	 90.31450	 219.89154
 850	1	 359.05501	 41.66222	 179.92130
 851	1	 176.77604	 45.38566	 359.61205
 852	1	 219.99126	 131.94242	 359.29283
 853	1	 272.33721	 92.79104	 221.86274
 854	1	 323.91554	 68.33457	 66.32050
 855	1	 179.77746	 46.38940	 358.70746
 856	1	 183.39443	 46.35908	 1.16100
 857	1	 183.41931	 139.76256	 89.85103
 858	1	 177.54146	 138.23626	 358.74132
 859	1	 269.12170	 88.57851	 133.72035
 860	1	 91.01342	 93.70604	 45.36169
 861	1	 143.61267	 138.52844	 177.62889
 862	1	 137.02193	 67.10063	 152.66925
 863	1	 144.57019	 138.00333	 90.20068
 864	1	 93.96642	 87.80091	 43.90964
 865	1	 319.66619	 65.20028	 334.68466
 866	1	 356.48153	 45.22039	 177.88467
 867	1	 324.21938	 131.90772	 181.58113
 868	1	 91.71547	 89.72997	 136.76627
 869	1	 145.82866	 46.17693	 177.92530
 870	1	 51.80041	 88.76828	 316.13628
 871	1	 93.92157	 89.88513	 222.72019
 872	1	 270.78853	 38.02925	 222.58300
 873	1	 181.01561	 134.63545	 87.36238
 874	1	 358.93712	 136.59767	 1.96826
 875	1	 322.09388	 42.28160	 90.02499
 876	1	 359.24786	 46.87291	 90.04193
 877	1	 178.87774	 40.62568	 266.01981
 878	1	 90.81437	 88.71413	 44.47634
 879	1	 323.38133	 135.27551	 270.70116
 880	1	 272.38363	 87.23086	 134.60801
 881	1	 359.76214	 132.25788	 178.12965
 882	1	 43.79693	 114.82351	 153.73914
 883	1	 122.49290	 89.88100	 41.51292
 884	1	 52.42992	 93.30969	 221.96283
 885	1	 218.46283	 67.91413	 114.89783
 886	1	 3.51597	 45.87469	 272.19155
 887	1	 215.68113	 132.91718	 272.94682
 888	1	 143.90362	 113.54738	 22.01256
 889	1	 141.48599	 111.35713	 115.86879
 890	1	 37.96031	 114.11502	 60.72840
 891	1	 92.49745	 91.76695	 312.33088
 892	1	 215.15539	 111.52001	 242.30644
 893	1	 216.38774	 133.15840	 263.81231
 894	1	 52.52903	 86.21022	 315.61113
 895	1	 357.62227	 46.61343	 179.63061
 896	1	 221.03528	 115.18429	 334.60794
 897	1	 40.21127	 118.47962	 152.28857
 898	1	 178.75129	 133.30781	 355.60290
 899	1	 91.28664	 93.55146	 40.28182
 900	1	 215.12798	 130.08004	 269.56642
 901	1	 358.50970	 45.56096	 181.37988
 902	1	 0.44896	 44.45295	 90.33327
 903	1	 179.64100	 48.56946	 180.38478
 904	1	 33.29233	 133.63580	 266.48140
 905	1	 179.46649	 137.18039	 89.85283
 906	1	 5.23486	 42.53629	 271.29633
 907	1	 272.38348	 91.02309	 225.32013
 908	1	 87.64279	 93.09402	 317.54560
 909	1	 0.49876	 46.44865	 175.88985
 910	1	 179.46982	 46.07889	 272.39548
 911	1	 176.01489	 45.21755	 270.61405
 912	1	 140.18024	 43.40341	 180.08312
 913	1	 174.37922	 133.45978	 90.30823
 914	1	 38.05010	 113.60196	 244.83995
 915	1	 178.63494	 133.30730	 177.73552
 916	1	 38.41392	 112.67650	 61.84912
 917	1	 271.55057	 91.06861	 134.87086
 918	1	 177.90244	 43.65827	 5.04476
 919	1	 221.24319	 67.66433	 202.90177
 920	1	 357.45229	 133.41695	 273.74883
 921	1	 1.41127	 137.88671	 273.33880
 922	1	 233.35763	 90.09145	 318.40693
 923	1	 94.42053	 89.06669	 135.20160
 924	1	 178.47479	 138.46708	 182.40315
 925	1	 358.85081	 44.53019	 94.06822
 926	1	 0.48049	 40.91662	 273.82387
 927	1	 269.67733	 87.45415	 313.62396
 928	1	 3.74034	 138.52340	 180.87866
 929	1	 319.22756	 48.25206	 86.45870
 930	1	 269.42502	 90.03104	 221.84060
 931	1	 180.98313	 134.20722	 273.61120
 932	1	 3.08771	 44.76797	 182.86264
 933	1	 180.17041	 139.41458	 356.97887
 934	1	 39.22266	 133.83204	 92.90942
 935	1	 326.32278	 136.30933	 93.36286
 936	1	 176.92552	 137.14732	 269.12020
 937	1	 270.33567	 87.34347	 134.77249
 938	1	 182.45137	 44.68813	 271.35073
 939	1	 267.87582	 89.15180	 223.05802
 940	1	 27.65105	 48.09715	 179.01774
 941	1	 0.85835	 45.46580	 88.60154
 942	1	 39.90019	 116.34409	 239.85659
 943	1	 271.01463	 35.20496	 227.05494
 944	1	 146.37789	 135.73699	 95.69289
 945	1	 179.47590	 133.86016	 182.25038
 946	1	 323.50736	 46.95160	 0.22395
 947	1	 4.78083	 43.98407	 177.83523
 948	1	 179.25928	 131.65963	 91.34447
 949	1	 184.51964	 45.10776	 355.09378
 950	1	 212.49343	 46.39251	 271.27766
 951	1	 144.76236	 113.38449	 296.38400
 952	1	 219.93495	 64.16896	 116.75625
 953	1	 323.76607	 38.67346	 269.23885
 954	1	 178.69372	 135.01422	 272.01242
 955	1	 87.73345	 92.16076	 224.25477
 956	1	 358.39200	 134.64752	 273.39512
 957	1	 322.67210	 65.03430	 62.31800
 958	1	 357.69185	 47.04288	 173.32159
 959	1	 178.46025	 131.10814	 359.99132
 960	1	 177.87127	 132.50748	 272.91694
 961	1	 356.86291	 42.55385	 176.35720
 962	1	 35.64314	 40.70650	 176.87080
 963	1	 268.22456	 145.79917	 229.33526
 964	1	 269.25489	 142.04567	 137.25265
 965	1	 180.41705	 47.48033	 358.80721
 966	1	 30.37621	 51.57972	 1.10084
 967	1	 88.30226	 91.01585	 315.14975
 968	1	 182.44510	 41.77005	 94.55824
 969	1	 91.00456	 88.34873	 224.65643
 970	1	 138.73507	 62.09601	 62.07569
 971	1	 142.83536	 112.70680	 296.33695
 972	1	 268.41778	 142.13648	 45.83383
 973	1	 267.62331	 90.62679	 134.43406
 974	1	 329.70796	 51.24532	 99.42548
 975	1	 54.73296	 93.77858	 316.10604
 976	1	 38.97284	 110.21662	 153.82191
 977	1	 94.20254	 92.53742	 133.90026
 978	1	 177.10916	 137.91297	 272.00588
 979	1	 268.70740	 94.33934	 312.32083
 980	1	 143.02689	 46.88165	 180.75699
 981	1	 182.52824	 40.29557	 182.19452
 982	1	 91.28672	 91.43162	 225.81338
 983	1	 88.00044	 88.98305	 227.21320
 984	1	 180.06408	 135.24093	 359.55555
 985	1	 267.47136	 89.76810	 228.67721
 986	1	 4.58713	 46.97147	 0.27461
 987	1	 37.25215	 116.25027	 59.91823
 988	1	 359.93198	 46.79149	 269.47471
 989	1	 270.55219	 95.44841	 132.68208
 990	1	 38.94975	 62.76514	 119.11702
 991	1	 141.19699	 116.18962	 115.56574
 992	1	 1.32157	 138.23457	 181.12224
 993	1	 1.10452	 133.28110	 268.59494
 994	1	 39.56761	 67.54058	 115.04480
 995	1	 272.19251	 144.37913	 313.54427
 996	1	 145.24002	 134.25380	 355.20187
 997	1	 320.65762	 63.60700	 243.76721
 998	1	 41.90493	 65.99136	 206.33575
 999	1	 273.21474	 91.99835	 135.10442
1000	1	 356.92814	 133.00862	 0.71090
