   1	1	 293.55310	 2.04202	 156.63057
   2	1	 298.91358	 103.23409	 124.08357
   3	1	 358.64439	 86.57989	 359.66474
   4	1	 125.64131	 67.72512	 152.51257
   5	1	 259.47181	 4.06767	 273.88861
   6	1	 173.76414	 176.88455	 178.00765
   7	1	 89.08802	 90.45184	 135.20271
   8	1	 216.86032	 64.76409	 299.33655
   9	1	 269.97226	 89.57975	 89.33658
  10	1	 314.38385	 117.71147	 205.38490
  11	1	 169.80065	 2.31601	 103.05471
  12	1	 143.06490	 115.09210	 200.67617
  13	1	 237.13670	 142.67470	 215.25268
  14	1	 91.67681	 91.92082	 225.14897
  15	1	 324.05341	 134.36915	 358.95892
  16	1	 0.23556	 134.04314	 358.99029
  17	1	 273.24600	 92.57882	 134.79689
  18	1	 181.14487	 46.58952	 95.11445
  19	1	 89.99101	 90.37238	 225.96377
  20	1	 131.42646	 102.33995	 209.92881
  21	1	 212.32107	 135.49445	 1.16194
  22	1	 120.20319	 178.37995	 209.87171
  23	1	 139.53167	 178.75584	 229.72425
  24	1	 358.20798	 42.83172	 358.12012
  25	1	 142.13713	 128.58932	 2.63874
  26	1	 238.37474	 141.76898	 117.52052
  27	1	 210.28575	 119.23188	 151.19553
  28	1	 157.33251	 64.71678	 256.18090
  29	1	 304.98212	 74.89150	 327.94742
  30	1	 178.85107	 44.18186	 0.10672
  31	1	 36.72498	 43.50314	 358.04416
  32	1	 152.50794	 129.98314	 358.46631
  33	1	 359.64130	 135.91524	 181.93484
  34	1	 311.90637	 93.59202	 40.52638
  35	1	 270.62101	 36.61954	 133.68734
  36	1	 210.25463	 120.52086	 71.39010
  37	1	 88.73696	 90.14696	 314.05880
  38	1	 178.65058	 89.28709	 87.74377
  39	1	 94.14152	 34.91218	 40.77698
  40	1	 36.12402	 136.38783	 267.80286
  41	1	 359.19305	 46.80755	 94.13152
  42	1	 179.40048	 136.03564	 181.75136
  43	1	 337.48287	 127.46591	 293.43173
  44	1	 299.05484	 33.94907	 208.80262
  45	1	 265.58902	 36.94571	 314.24508
  46	1	 229.94140	 87.51161	 48.31129
  47	1	 316.14769	 40.27132	 263.63761
  48	1	 331.16180	 114.65937	 204.07128
  49	1	 117.69094	 135.06887	 67.49403
  50	1	 136.07162	 136.98438	 265.42302
  51	1	 89.93669	 88.64239	 136.39576
  52	1	 335.92512	 126.73057	 204.11418
  53	1	 137.86975	 67.77421	 62.35534
  54	1	 176.06767	 40.58193	 92.78579
  55	1	 359.71530	 39.50878	 271.89536
  56	1	 123.42559	 92.05047	 226.11535
  57	1	 88.11863	 89.81540	 315.26444
  58	1	 87.03071	 144.36787	 45.73797
  59	1	 358.36543	 47.03255	 355.44083
  60	1	 1.82448	 44.75167	 358.73773
  61	1	 41.21277	 141.57888	 357.44172
  62	1	 314.40331	 74.51326	 143.69852
  63	1	 213.58271	 139.86250	 4.39706
  64	1	 147.58626	 40.82308	 88.17812
  65	1	 270.64833	 89.42835	 2.49753
  66	1	 149.76151	 137.19774	 83.84211
  67	1	 239.06939	 81.67970	 315.49139
  68	1	 264.20753	 143.81829	 224.71853
  69	1	 322.44875	 62.19463	 151.69250
  70	1	 139.11916	 114.94978	 300.97877
  71	1	 220.54749	 135.85085	 274.64446
  72	1	 226.20854	 111.20107	 60.80355
  73	1	 215.10999	 64.83628	 206.59632
  74	1	 244.41418	 137.58594	 25.31822
  75	1	 140.55139	 68.15863	 152.95467
  76	1	 324.57151	 58.18023	 246.18167
  77	1	 87.31966	 96.19527	 269.10530
  78	1	 32.78016	 43.94815	 87.35416
  79	1	 88.31516	 139.20055	 318.35971
  80	1	 119.92672	 145.75168	 240.23381
  81	1	 39.36924	 61.99119	 221.02388
  82	1	 177.69876	 43.41745	 272.38789
  83	1	 322.72119	 69.68938	 150.07569
  84	1	 270.23890	 88.68680	 132.81947
  85	1	 215.97822	 44.40085	 270.49186
  86	1	 94.37388	 40.82123	 40.95959
  87	1	 36.92880	 66.50574	 199.00710
  88	1	 42.48097	 73.72468	 295.02985
  89	1	 124.50189	 85.60441	 43.88863
  90	1	 59.48806	 25.93440	 241.34852
  91	1	 270.78943	 87.88930	 224.03395
  92	1	 178.88744	 45.47682	 179.17970
  93	1	 56.41043	 144.96922	 20.59654
  94	1	 180.31310	 89.51069	 271.18191
  95	1	 89.47180	 38.70434	 128.40493
  96	1	 120.12632	 143.22601	 151.46652
  97	1	 72.79413	 179.07133	 74.63745
  98	1	 308.59217	 102.91445	 303.01656
  99	1	 55.37794	 88.34088	 312.73539
 100	1	 206.19186	 117.81784	 342.90079
 101	1	 52.65850	 86.22090	 222.45675
 102	1	 211.48002	 54.24173	 11.89020
 103	1	 182.26615	 133.49992	 270.13139
 104	1	 329.03835	 41.58064	 89.94089
 105	1	 180.16477	 45.28160	 358.38016
 106	1	 147.62094	 139.09996	 90.99402
 107	1	 11.43335	 178.38274	 14.41196
 108	1	 35.85390	 47.52003	 359.17054
 109	1	 217.30382	 111.85240	 154.41305
 110	1	 179.33452	 87.95433	 270.56525
 111	1	 359.35286	 42.48365	 0.75656
 112	1	 221.20225	 138.55331	 358.59993
 113	1	 268.65445	 88.53487	 46.03373
 114	1	 233.07178	 93.75069	 317.57812
 115	1	 183.55744	 90.57799	 359.44433
 116	1	 213.42636	 116.88315	 241.62237
 117	1	 271.59878	 31.84676	 134.73570
 118	1	 76.46202	 0.55316	 278.04679
 119	1	 227.68097	 91.30394	 137.83356
 120	1	 151.64239	 54.17743	 168.22495
 121	1	 180.37762	 135.95598	 356.31367
 122	1	 343.24779	 176.49519	 254.06287
 123	1	 88.05637	 89.60879	 134.02051
 124	1	 147.83821	 65.82813	 242.36098
 125	1	 125.63128	 138.76654	 151.02782
 126	1	 235.81055	 38.44263	 65.90229
 127	1	 92.43900	 94.76492	 178.90706
 128	1	 248.27558	 39.27757	 156.67102
 129	1	 323.26219	 136.19160	 92.03751
 130	1	 90.67814	 37.73218	 313.44217
 131	1	 157.51868	 179.72788	 64.65579
 132	1	 311.84544	 75.85358	 55.81816
 133	1	 267.51717	 94.83384	 137.56613
 134	1	 129.27309	 110.69649	 34.70072
 135	1	 178.92586	 47.26922	 177.80702
 136	1	 51.27368	 72.43609	 43.81786
 137	1	 299.31033	 28.76886	 296.59290
 138	1	 94.80490	 31.76386	 137.81180
 139	1	 87.68249	 88.44921	 0.10960
 140	1	 325.14925	 44.17026	 266.21090
 141	1	 34.76837	 70.94136	 28.28082
 142	1	 142.81190	 69.34179	 153.58592
 143	1	 234.44038	 89.67967	 226.35793
 144	1	 55.31091	 91.54454	 43.93621
 145	1	 89.40350	 88.02645	 41.66837
 146	1	 233.71084	 35.73386	 242.71602
 147	1	 297.25085	 91.55524	 310.91578
 148	1	 123.65545	 147.25312	 67.47248
 149	1	 232.05293	 139.83053	 114.24524
 150	1	 84.82420	 179.23916	 174.18416
 151	1	 320.49626	 64.41996	 240.93830
 152	1	 2.11466	 89.18536	 178.37754
 153	1	 261.58907	 1.96605	 13.34442
 154	1	 0.85053	 43.52061	 182.89976
 155	1	 269.41104	 88.73584	 91.95753
 156	1	 89.61693	 86.90893	 357.97321
 157	1	 356.10028	 136.10825	 87.53899
 158	1	 32.02056	 133.74456	 91.67569
 159	1	 326.83405	 41.83854	 93.32684
 160	1	 269.78545	 87.82083	 4.01204
 161	1	 328.27506	 43.71611	 359.64685
 162	1	 179.95234	 133.14230	 356.31778
 163	1	 300.27058	 79.38989	 316.74537
 164	1	 59.55749	 145.95054	 289.29310
 165	1	 142.17249	 66.71446	 58.04132
 166	1	 326.45121	 133.52341	 92.41740
 167	1	 82.28116	 0.37612	 95.31928
 168	1	 63.97759	 33.65646	 328.68051
 169	1	 355.56737	 132.89993	 85.39867
 170	1	 88.90341	 85.82501	 2.19197
 171	1	 144.46207	 135.49276	 271.67974
 172	1	 358.26733	 136.80632	 86.40389
 173	1	 50.90685	 86.77202	 46.05140
 174	1	 25.35400	 62.03745	 285.88851
 175	1	 60.95855	 41.31873	 60.20805
 176	1	 89.62009	 95.23430	 311.60712
 177	1	 272.38145	 89.07845	 222.84812
 178	1	 53.83792	 87.28400	 312.64204
 179	1	 90.96023	 179.14627	 177.50549
 180	1	 213.71902	 46.87426	 185.01813
 181	1	 313.90846	 68.43057	 236.75271
 182	1	 312.30085	 97.06878	 215.00816
 183	1	 146.57220	 49.97024	 0.16732
 184	1	 129.00349	 115.95807	 211.23950
 185	1	 10.33176	 179.13388	 187.91122
 186	1	 142.43234	 108.91381	 27.65801
 187	1	 209.98906	 133.89192	 0.55089
 188	1	 218.15634	 116.43418	 154.52352
 189	1	 275.11968	 92.64923	 314.06517
 190	1	 25.21554	 5.34894	 243.07675
 191	1	 266.91203	 37.35665	 51.45013
 192	1	 141.37585	 138.04238	 83.19287
 193	1	 34.13545	 116.17724	 244.50529
 194	1	 274.87837	 85.34547	 133.27711
 195	1	 331.70761	 123.02975	 206.05239
 196	1	 39.37731	 113.18521	 336.54963
 197	1	 3.96501	 136.45597	 182.09711
 198	1	 269.25863	 89.96421	 132.96606
 199	1	 135.37692	 64.57097	 334.42957
 200	1	 32.36927	 43.68105	 92.03325
 201	1	 56.58631	 94.41996	 223.09601
 202	1	 27.89905	 43.95669	 262.19816
 203	1	 145.37425	 115.64646	 295.82239
 204	1	 312.72971	 41.30025	 24.40002
 205	1	 155.44808	 0.45904	 113.54914
 206	1	 35.53110	 113.23926	 64.93280
 207	1	 327.32632	 42.67174	 178.08831
 208	1	 54.80671	 0.53537	 124.44067
 209	1	 180.08082	 134.01545	 89.06721
 210	1	 44.18018	 61.90778	 115.18172
 211	1	 122.11572	 97.78628	 224.49518
 212	1	 146.01236	 1.12287	 31.76133
 213	1	 92.52765	 30.35554	 318.56511
 214	1	 123.49890	 108.87357	 31.97895
 215	1	 273.97878	 36.05298	 311.98608
 216	1	 319.50708	 118.46925	 118.24652
 217	1	 315.21824	 177.65658	 132.48739
 218	1	 28.50531	 126.98818	 340.76869
 219	1	 217.51281	 122.28970	 154.60314
 220	1	 198.66088	 0.74180	 248.30464
 221	1	 219.86844	 2.75809	 230.38505
 222	1	 87.33398	 178.74702	 184.07998
 223	1	 323.05274	 178.41536	 52.20451
 224	1	 175.72749	 47.71195	 180.27163
 225	1	 91.27812	 93.93231	 90.23098
 226	1	 273.10422	 36.20047	 137.46674
 227	1	 278.91133	 2.37912	 86.26182
 228	1	 3.00707	 134.15445	 0.06358
 229	1	 0.29176	 39.69223	 179.68230
 230	1	 302.87835	 73.90519	 142.44956
 231	1	 90.15715	 90.26198	 270.47827
 232	1	 56.29102	 32.29163	 330.18756
 233	1	 125.43018	 94.12917	 46.92763
 234	1	 321.77892	 113.04557	 206.88040
 235	1	 25.05198	 55.56356	 18.23244
 236	1	 258.39921	 176.92022	 257.74158
 237	1	 241.50321	 1.33204	 120.22956
 238	1	 207.45262	 56.30043	 100.49316
 239	1	 83.86830	 177.02993	 174.59349
 240	1	 33.39281	 136.83618	 178.88783
 241	1	 92.28824	 90.99377	 220.32528
 242	1	 210.65718	 63.37882	 282.58275
 243	1	 305.48690	 88.52928	 129.29344
 244	1	 51.46378	 70.99706	 306.31491
 245	1	 213.24219	 133.22409	 359.75991
 246	1	 212.33034	 135.24015	 0.00189
 247	1	 89.13535	 87.54245	 42.20278
 248	1	 271.24591	 88.54882	 269.71885
 249	1	 1.54641	 136.60523	 184.18480
 250	1	 41.51931	 63.61210	 299.61124
 251	1	 189.98478	 0.81961	 81.27653
 252	1	 321.94737	 121.06498	 284.55212
 253	1	 94.14950	 40.02804	 138.62555
 254	1	 177.98494	 44.84999	 266.96610
 255	1	 329.13485	 70.19440	 65.19590
 256	1	 359.85361	 131.71600	 178.48123
 257	1	 86.95498	 89.40304	 317.96185
 258	1	 358.57892	 86.80786	 180.06512
 259	1	 89.97613	 88.32781	 358.37121
 260	1	 92.96495	 91.15224	 224.99893
 261	1	 211.28838	 58.20214	 283.03951
 262	1	 330.44355	 119.92859	 15.08084
 263	1	 36.26252	 179.31486	 303.51795
 264	1	 29.04573	 121.85293	 253.34234
 265	1	 91.49928	 90.65019	 89.72526
 266	1	 307.96010	 76.62753	 240.67776
 267	1	 269.37070	 89.04100	 272.06909
 268	1	 308.69784	 104.06858	 29.37662
 269	1	 317.97692	 56.29515	 148.73533
 270	1	 349.94549	 178.69664	 352.20067
 271	1	 2.25681	 44.94721	 272.12636
 272	1	 214.55851	 109.89815	 331.47973
 273	1	 242.59401	 29.05186	 248.21202
 274	1	 319.03295	 61.46690	 155.01542
 275	1	 270.62260	 146.89340	 315.37308
 276	1	 0.72143	 43.29552	 267.75341
 277	1	 231.76586	 91.05404	 222.40874
 278	1	 309.64237	 101.74592	 306.05481
 279	1	 231.13786	 106.78206	 59.80290
 280	1	 55.21272	 178.21719	 54.82129
 281	1	 90.53418	 94.71458	 134.48024
 282	1	 53.56036	 73.32298	 123.86180
 283	1	 269.72187	 88.42022	 269.43596
 284	1	 180.95412	 133.98508	 358.14730
 285	1	 21.91010	 123.09564	 72.27035
 286	1	 270.61208	 38.64797	 47.29627
 287	1	 200.78571	 62.94376	 195.17108
 288	1	 123.68432	 143.30604	 148.37992
 289	1	 215.98042	 133.79083	 357.49230
 290	1	 307.26808	 39.37968	 294.52677
 291	1	 106.41715	 177.24601	 287.85369
 292	1	 358.80698	 85.67829	 359.90640
 293	1	 27.28787	 60.12874	 18.11706
 294	1	 52.93955	 87.38711	 43.70457
 295	1	 88.99872	 92.44471	 131.80307
 296	1	 39.08851	 42.31197	 264.07559
 297	1	 180.45013	 132.73642	 359.85555
 298	1	 140.52027	 107.04380	 25.17441
 299	1	 280.97302	 179.75180	 5.16009
 300	1	 94.83922	 88.56694	 88.57055
 301	1	 139.27449	 114.27968	 116.22713
 302	1	 182.52709	 89.24946	 0.90502
 303	1	 205.49148	 179.43153	 113.27131
 304	1	 267.14594	 90.34508	 43.57009
 305	1	 359.06554	 44.80674	 359.72714
 306	1	 357.51575	 43.41496	 268.91508
 307	1	 323.80395	 132.24496	 357.64672
 308	1	 42.92412	 45.24136	 89.54471
 309	1	 357.54667	 134.01115	 0.29823
 310	1	 152.24804	 54.71296	 248.93337
 311	1	 90.16816	 147.38896	 313.55181
 312	1	 38.76098	 45.39536	 90.17464
 313	1	 187.00968	 179.15325	 5.36828
 314	1	 176.72411	 134.65081	 87.28727
 315	1	 320.81366	 40.77458	 267.50724
 316	1	 176.33849	 45.11188	 5.04098
 317	1	 210.95929	 42.64725	 355.21178
 318	1	 223.05512	 114.16849	 339.43224
 319	1	 358.00882	 0.22739	 187.09131
 320	1	 122.34901	 141.47024	 330.16603
 321	1	 37.85096	 130.18691	 267.55311
 322	1	 180.25299	 132.78712	 358.58753
 323	1	 40.22527	 115.97495	 58.89188
 324	1	 50.91174	 179.94648	 234.93151
 325	1	 355.84473	 2.18057	 176.69359
 326	1	 98.91365	 147.59684	 317.18660
 327	1	 359.47375	 133.77989	 179.58167
 328	1	 327.07889	 135.66555	 269.66706
 329	1	 269.12372	 87.67405	 225.63927
 330	1	 125.51421	 178.55743	 122.99008
 331	1	 178.75148	 44.12331	 1.97128
 332	1	 87.49077	 89.03825	 90.03305
 333	1	 214.29610	 135.24456	 94.55081
 334	1	 218.27843	 0.76014	 324.09551
 335	1	 89.56682	 176.04133	 359.19976
 336	1	 33.29737	 135.36109	 91.43846
 337	1	 89.05059	 86.60067	 88.12961
 338	1	 241.93366	 140.63622	 204.39634
 339	1	 235.74301	 86.83402	 219.36871
 340	1	 328.50427	 124.18002	 16.02230
 341	1	 214.51771	 45.98148	 1.82514
 342	1	 31.30595	 174.48767	 118.92980
 343	1	 177.78374	 93.58733	 89.79588
 344	1	 213.46679	 46.12072	 359.57801
 345	1	 126.47036	 141.80371	 338.26017
 346	1	 356.65405	 138.01520	 89.29659
 347	1	 55.54745	 30.84022	 159.05297
 348	1	 142.82725	 44.97554	 271.98395
 349	1	 4.56640	 133.69241	 2.28564
 350	1	 308.75678	 85.99202	 222.46111
 351	1	 2.18231	 133.23184	 183.96486
 352	1	 146.45587	 59.76498	 68.99656
 353	1	 273.70157	 90.77009	 226.20550
 354	1	 119.35216	 110.17111	 27.96798
 355	1	 306.67084	 4.30022	 228.93332
 356	1	 240.05128	 142.25028	 203.57381
 357	1	 152.48991	 59.22862	 163.83511
 358	1	 322.07480	 112.50000	 131.66274
 359	1	 37.65769	 3.47333	 324.84124
 360	1	 33.11665	 135.98466	 93.71074
 361	1	 138.37100	 115.81079	 298.45144
 362	1	 275.50309	 1.07294	 175.86400
 363	1	 212.60733	 62.08911	 29.93669
 364	1	 148.69908	 61.42578	 341.74878
 365	1	 307.07662	 31.86164	 210.45533
 366	1	 0.55304	 91.16767	 89.83385
 367	1	 89.39749	 87.95699	 43.53932
 368	1	 273.15167	 145.13673	 315.30803
 369	1	 219.37483	 133.27548	 176.46849
 370	1	 0.66121	 85.67047	 181.00628
 371	1	 322.52004	 136.19247	 274.45381
 372	1	 93.19690	 140.71058	 45.21443
 373	1	 226.31554	 179.91475	 319.67757
 374	1	 324.79351	 48.45370	 3.09069
 375	1	 323.61245	 114.69893	 206.39080
 376	1	 22.62703	 120.34640	 169.61597
 377	1	 239.87485	 43.17978	 333.60214
 378	1	 358.80968	 42.93623	 356.72829
 379	1	 131.22534	 3.44859	 136.77841
 380	1	 89.75540	 32.82054	 311.37948
 381	1	 321.74439	 112.30792	 207.80030
 382	1	 1.29636	 134.74145	 89.65592
 383	1	 323.08232	 111.11110	 210.24428
 384	1	 215.58869	 44.18193	 355.61329
 385	1	 272.37725	 88.14513	 221.67555
 386	1	 90.87361	 90.47930	 313.08991
 387	1	 269.77711	 90.09567	 227.34086
 388	1	 359.45330	 142.30142	 275.61934
 389	1	 358.63315	 87.32505	 271.45641
 390	1	 180.03661	 49.03721	 356.88805
 391	1	 358.05888	 132.16525	 180.37197
 392	1	 269.60233	 179.25055	 357.83001
 393	1	 267.88778	 29.37187	 138.13444
 394	1	 217.55576	 133.66313	 271.13788
 395	1	 321.96832	 50.47608	 89.38153
 396	1	 213.11905	 136.18800	 176.07107
 397	1	 325.43774	 61.38245	 67.77895
 398	1	 202.50490	 122.89016	 248.28322
 399	1	 93.93369	 91.59503	 222.96900
 400	1	 26.18559	 55.59968	 17.34102
 401	1	 1.91124	 43.23534	 180.57250
 402	1	 216.01096	 46.86529	 268.25827
 403	1	 233.77357	 110.15402	 328.68430
 404	1	 0.35117	 134.10908	 182.12289
 405	1	 141.09800	 132.49076	 357.20699
 406	1	 359.75313	 87.58525	 181.33326
 407	1	 314.50959	 71.11580	 246.76916
 408	1	 218.23697	 135.55026	 273.34379
 409	1	 39.45591	 114.40496	 68.61354
 410	1	 145.47604	 45.83581	 89.65880
 411	1	 264.68320	 178.75484	 267.34829
 412	1	 230.16756	 175.80060	 317.99497
 413	1	 40.85888	 111.28100	 244.32109
 414	1	 146.22006	 44.26683	 266.97744
 415	1	 139.63295	 139.28959	 2.82773
 416	1	 175.20460	 48.13754	 2.27352
 417	1	 267.77728	 143.34851	 317.26587
 418	1	 153.66135	 54.89936	 162.85227
 419	1	 356.63389	 91.68709	 180.47138
 420	1	 139.85212	 44.18752	 178.95416
 421	1	 215.17930	 118.13495	 333.20587
 422	1	 83.97654	 88.13533	 94.53846
 423	1	 121.47753	 88.98012	 221.79042
 424	1	 271.22783	 150.12200	 42.41264
 425	1	 300.34735	 99.15591	 306.41473
 426	1	 267.23084	 34.68998	 311.38755
 427	1	 307.71048	 177.75382	 215.39582
 428	1	 200.52541	 56.87436	 20.02887
 429	1	 355.49002	 44.61270	 94.62821
 430	1	 221.30402	 110.78679	 237.99256
 431	1	 1.53666	 137.36558	 4.28420
 432	1	 178.67290	 88.13589	 356.48962
 433	1	 215.03998	 105.67759	 59.06661
 434	1	 208.06642	 44.77228	 184.08915
 435	1	 5.33420	 3.89783	 84.33154
 436	1	 28.14160	 129.31989	 334.00865
 437	1	 127.33950	 95.32954	 136.41023
 438	1	 177.04181	 91.49534	 89.48054
 439	1	 11.07071	 1.53054	 76.53216
 440	1	 212.62725	 63.38627	 25.28949
 441	1	 307.78263	 0.21103	 53.90837
 442	1	 140.12640	 64.00525	 242.85659
 443	1	 306.23456	 87.85394	 318.55308
 444	1	 324.63796	 115.10724	 298.16060
 445	1	 88.86917	 154.18760	 317.19566
 446	1	 208.92019	 42.51817	 90.52221
 447	1	 180.94201	 42.87614	 182.76989
 448	1	 90.99078	 91.82316	 268.33436
 449	1	 271.80825	 91.28637	 141.12704
 450	1	 83.58808	 146.04785	 313.53017
 451	1	 211.25918	 63.26262	 293.90586
 452	1	 122.67588	 147.50088	 72.23881
 453	1	 181.62520	 88.62733	 85.75598
 454	1	 177.31975	 137.73147	 271.12658
 455	1	 270.30906	 84.85702	 41.63214
 456	1	 63.53513	 0.62704	 114.33687
 457	1	 3.16442	 3.59603	 358.01268
 458	1	 131.53659	 72.81613	 333.54577
 459	1	 232.13415	 39.20543	 238.64052
 460	1	 248.26932	 179.40922	 157.89995
 461	1	 268.49390	 31.94948	 132.62276
 462	1	 183.77625	 43.13159	 356.71177
 463	1	 148.99780	 115.22128	 298.57228
 464	1	 43.68669	 115.25746	 59.25535
 465	1	 136.69028	 176.00234	 43.63265
 466	1	 156.45589	 60.30238	 252.60344
 467	1	 134.37544	 66.57447	 63.38115
 468	1	 263.56708	 32.03569	 318.99829
 469	1	 39.37721	 111.83001	 156.40610
 470	1	 321.72997	 137.75792	 1.86877
 471	1	 90.17584	 90.59773	 132.60460
 472	1	 176.88573	 134.58899	 271.15421
 473	1	 120.12783	 145.22105	 329.70238
 474	1	 358.43179	 175.48015	 357.63582
 475	1	 304.20725	 95.92986	 315.42263
 476	1	 37.99289	 42.88219	 4.80184
 477	1	 320.24715	 64.43995	 154.12233
 478	1	 206.04121	 120.41951	 250.17225
 479	1	 263.63871	 38.76958	 41.07308
 480	1	 309.19399	 78.21741	 58.28240
 481	1	 213.44950	 176.26337	 30.94869
 482	1	 331.71377	 122.98760	 23.39920
 483	1	 329.90803	 132.31864	 3.30666
 484	1	 269.83154	 92.01537	 228.72111
 485	1	 202.14546	 179.65505	 116.42936
 486	1	 114.82132	 142.05434	 335.20452
 487	1	 326.29129	 118.95158	 200.78135
 488	1	 310.16704	 65.79527	 141.41330
 489	1	 53.90450	 90.61735	 48.78901
 490	1	 212.42337	 121.05682	 255.53440
 491	1	 83.17707	 90.43303	 313.93638
 492	1	 275.72296	 142.69500	 231.57624
 493	1	 269.26597	 90.46803	 51.02980
 494	1	 218.65708	 48.06415	 175.93287
 495	1	 145.44273	 68.36883	 151.04372
 496	1	 226.32914	 70.58647	 26.09994
 497	1	 57.39565	 139.17080	 118.52298
 498	1	 151.74056	 4.67404	 116.56852
 499	1	 303.24928	 89.90308	 226.67297
 500	1	 223.27537	 113.87288	 153.12913
 501	1	 335.06622	 177.57135	 241.39066
 502	1	 177.89903	 135.32977	 185.96458
 503	1	 182.35130	 137.03620	 180.63221
 504	1	 151.49752	 59.66230	 71.84143
 505	1	 328.22287	 66.81949	 244.85298
 506	1	 181.49846	 39.27687	 89.79141
 507	1	 88.72419	 90.39355	 91.73935
 508	1	 120.92330	 79.41888	 133.49730
 509	1	 1.67751	 92.05718	 92.53659
 510	1	 33.78946	 4.31438	 145.16121
 511	1	 34.27815	 133.21340	 179.13736
 512	1	 297.74164	 111.22981	 298.96676
 513	1	 307.63472	 74.37406	 148.22363
 514	1	 335.80600	 123.29911	 107.89488
 515	1	 37.50202	 116.92630	 238.37035
 516	1	 358.82371	 44.53354	 88.87983
 517	1	 319.28572	 115.45091	 204.60102
 518	1	 245.05320	 35.32850	 60.60233
 519	1	 63.63835	 143.97104	 29.41079
 520	1	 179.90934	 131.50385	 88.32523
 521	1	 216.28362	 111.00076	 239.42104
 522	1	 1.62656	 43.64879	 183.41338
 523	1	 347.93267	 0.01574	 186.86235
 524	1	 240.97794	 143.29611	 291.07074
 525	1	 321.88850	 48.91259	 182.13985
 526	1	 81.50089	 176.95452	 79.95799
 527	1	 32.86325	 1.07335	 235.38736
 528	1	 146.09065	 132.36874	 180.97442
 529	1	 300.42129	 36.92805	 27.82116
 530	1	 221.88282	 68.36629	 110.03099
 531	1	 233.13179	 106.51986	 54.93713
 532	1	 268.43129	 87.75593	 0.72959
 533	1	 325.82743	 113.30350	 116.01510
 534	1	 320.60282	 70.17135	 147.90778
 535	1	 321.22042	 49.39023	 271.06598
 536	1	 218.88754	 109.30790	 145.84455
 537	1	 327.08871	 129.91172	 271.21299
 538	1	 40.20256	 2.48742	 227.59758
 539	1	 264.23496	 40.86125	 319.49388
 540	1	 39.58986	 111.77910	 68.43267
 541	1	 323.20535	 113.44815	 30.72989
 542	1	 355.94023	 139.52523	 93.04830
 543	1	 180.69668	 136.03341	 179.64379
 544	1	 93.64833	 87.61815	 317.01640
 545	1	 162.27160	 2.06495	 105.21448
 546	1	 271.74060	 33.06873	 44.88529
 547	1	 359.13824	 135.38510	 93.39529
 548	1	 27.06051	 55.72362	 205.32315
 549	1	 308.41267	 107.04554	 303.62426
 550	1	 136.19164	 61.92267	 153.23319
 551	1	 26.76458	 58.16535	 16.63575
 552	1	 234.28485	 85.25795	 139.38848
 553	1	 35.13533	 47.75952	 270.47844
 554	1	 141.19100	 70.04306	 153.14311
 555	1	 327.93181	 0.42035	 126.18114
 556	1	 272.41171	 90.65876	 0.66651
 557	1	 318.38012	 67.42934	 156.03675
 558	1	 211.40275	 134.28445	 85.92068
 559	1	 88.30533	 90.32349	 226.89329
 560	1	 268.86343	 93.23939	 315.87688
 561	1	 121.49347	 148.07678	 156.35181
 562	1	 255.97751	 2.43208	 103.53514
 563	1	 324.10553	 132.22910	 180.53766
 564	1	 131.37772	 116.99479	 208.95574
 565	1	 204.68324	 119.46940	 341.97495
 566	1	 136.13467	 1.23522	 132.48749
 567	1	 146.22403	 44.35273	 86.14079
 568	1	 30.01442	 54.75230	 198.06279
 569	1	 210.60490	 130.12509	 179.23781
 570	1	 236.09346	 88.29112	 133.11136
 571	1	 51.07918	 69.22224	 208.52440
 572	1	 89.65691	 144.74965	 139.36338
 573	1	 215.70172	 136.74534	 177.98826
 574	1	 266.17315	 90.14969	 138.47854
 575	1	 235.71325	 2.37878	 127.14874
 576	1	 37.70140	 67.66916	 207.03931
 577	1	 306.92691	 91.20085	 43.10204
 578	1	 242.38434	 142.46367	 112.12926
 579	1	 91.23587	 89.92834	 358.12937
 580	1	 341.93213	 177.89879	 66.47162
 581	1	 182.62634	 136.64468	 270.46533
 582	1	 50.53885	 86.86763	 315.22038
 583	1	 91.70253	 148.85196	 132.48916
 584	1	 2.35745	 50.07171	 94.56794
 585	1	 96.35183	 0.22325	 265.21617
 586	1	 189.57191	 1.62405	 168.48415
 587	1	 38.21800	 48.70072	 272.13729
 588	1	 129.22844	 72.63102	 143.71737
 589	1	 304.22202	 37.62940	 213.67241
 590	1	 152.78108	 55.84506	 166.00532
 591	1	 177.49914	 48.50242	 179.79274
 592	1	 357.44548	 89.19045	 356.57784
 593	1	 0.02400	 92.46808	 179.02309
 594	1	 145.75867	 42.70567	 182.74282
 595	1	 88.28541	 150.61796	 47.66565
 596	1	 92.45827	 92.55480	 228.22607
 597	1	 170.14146	 177.74777	 262.91422
 598	1	 268.58430	 33.88443	 315.79223
 599	1	 92.96486	 89.54829	 134.41356
 600	1	 215.05771	 46.24896	 90.21645
 601	1	 56.31361	 140.80004	 112.64216
 602	1	 34.00785	 48.04304	 270.79717
 603	1	 271.94781	 95.95721	 224.50526
 604	1	 181.92955	 133.29022	 89.10468
 605	1	 38.11941	 44.37022	 87.83228
 606	1	 314.63491	 68.76367	 142.69001
 607	1	 145.24719	 179.72205	 143.18317
 608	1	 125.71639	 105.14741	 215.02569
 609	1	 117.79233	 145.31402	 160.04750
 610	1	 271.86430	 90.77944	 175.99868
 611	1	 181.48237	 135.12444	 271.32016
 612	1	 324.58753	 71.54019	 334.87835
 613	1	 28.18145	 124.66083	 338.45573
 614	1	 220.53664	 133.42080	 6.45299
 615	1	 50.98072	 91.11545	 48.29336
 616	1	 355.64350	 45.46227	 267.63342
 617	1	 321.95355	 50.01356	 180.96161
 618	1	 178.11895	 136.94334	 1.47275
 619	1	 142.75541	 45.50267	 268.07789
 620	1	 270.35557	 88.62274	 1.90345
 621	1	 305.81740	 95.94951	 311.44827
 622	1	 179.40605	 136.90988	 268.38507
 623	1	 220.19653	 134.67383	 179.07829
 624	1	 239.71063	 38.67465	 158.17436
 625	1	 45.23164	 68.47662	 309.36895
 626	1	 58.52460	 72.02471	 30.19404
 627	1	 31.84257	 119.76332	 347.26273
 628	1	 310.24572	 74.32216	 146.09870
 629	1	 91.10814	 88.99076	 50.05327
 630	1	 146.47551	 44.30077	 267.41551
 631	1	 20.04790	 0.91742	 333.40471
 632	1	 126.93006	 106.60298	 303.30941
 633	1	 59.41609	 38.79939	 342.54216
 634	1	 327.05832	 111.87846	 115.98032
 635	1	 359.69968	 43.21393	 270.83060
 636	1	 337.88942	 117.08386	 201.35765
 637	1	 269.47329	 33.83612	 225.59900
 638	1	 25.85991	 121.18317	 80.54508
 639	1	 357.65005	 2.67230	 272.66762
 640	1	 268.83062	 93.26964	 313.83668
 641	1	 308.49346	 109.44862	 218.50067
 642	1	 180.66573	 43.16170	 90.64138
 643	1	 109.60219	 177.49928	 285.75064
 644	1	 213.80448	 69.09377	 208.42569
 645	1	 304.94434	 97.44968	 128.16309
 646	1	 48.25250	 1.27505	 219.52389
 647	1	 358.16373	 135.80847	 180.79238
 648	1	 172.09738	 177.90119	 83.76318
 649	1	 274.30633	 89.23890	 184.15173
 650	1	 240.91902	 179.64965	 63.04063
 651	1	 93.34287	 96.92644	 92.60463
 652	1	 88.06004	 89.51243	 269.95324
 653	1	 35.00501	 138.07396	 176.75910
 654	1	 1.79290	 88.11114	 89.86091
 655	1	 182.71653	 46.48091	 2.63321
 656	1	 218.81072	 135.94982	 268.26615
 657	1	 180.33971	 47.69428	 88.42184
 658	1	 180.61367	 44.60251	 179.12626
 659	1	 246.05428	 35.78374	 340.98873
 660	1	 230.55697	 107.00755	 327.39444
 661	1	 0.56160	 131.52207	 268.67527
 662	1	 356.64089	 44.76710	 92.74249
 663	1	 40.55915	 72.05740	 119.50806
 664	1	 310.80961	 76.33171	 60.99472
 665	1	 32.98210	 136.29664	 88.28865
 666	1	 269.95671	 88.36854	 317.57422
 667	1	 324.73491	 133.21232	 267.31151
 668	1	 324.53890	 134.82645	 91.71685
 669	1	 269.71706	 91.93930	 273.50653
 670	1	 240.48081	 137.25560	 114.88919
 671	1	 215.33288	 43.13633	 181.94605
 672	1	 219.73847	 60.66410	 31.53711
 673	1	 178.60833	 45.31138	 270.77062
 674	1	 269.60361	 92.74293	 314.78361
 675	1	 216.52072	 41.68166	 89.31478
 676	1	 270.29550	 88.41494	 268.64038
 677	1	 94.65255	 89.88080	 224.07868
 678	1	 85.89580	 84.74188	 263.43508
 679	1	 335.83217	 128.91453	 286.84806
 680	1	 157.37066	 179.57056	 157.48658
 681	1	 179.41997	 46.40262	 93.60145
 682	1	 179.42714	 43.09756	 89.06128
 683	1	 181.56307	 135.25354	 271.46258
 684	1	 86.83741	 92.03269	 314.75162
 685	1	 174.67698	 137.68288	 270.96569
 686	1	 34.06139	 39.90375	 91.57175
 687	1	 331.74437	 118.45188	 117.97242
 688	1	 179.62454	 45.29101	 88.71093
 689	1	 120.64764	 141.47332	 153.30211
 690	1	 144.08637	 43.88440	 269.78109
 691	1	 212.49853	 133.24867	 357.85417
 692	1	 142.06100	 116.64894	 23.07810
 693	1	 154.15400	 57.53225	 168.26433
 694	1	 178.20046	 91.35610	 86.45990
 695	1	 1.05249	 48.01007	 270.23291
 696	1	 270.63324	 145.14761	 312.04435
 697	1	 92.57643	 38.67712	 44.79997
 698	1	 216.15979	 2.79714	 231.68017
 699	1	 140.62681	 136.29698	 87.08636
 700	1	 358.77108	 96.05937	 359.91500
 701	1	 143.66501	 68.97563	 149.60479
 702	1	 238.93307	 144.41269	 209.48589
 703	1	 180.09255	 93.69996	 268.50466
 704	1	 305.75651	 38.42967	 292.83684
 705	1	 36.98282	 75.23895	 23.01038
 706	1	 308.23754	 90.00510	 133.89696
 707	1	 230.83469	 110.00051	 234.12423
 708	1	 325.77205	 45.11025	 359.89474
 709	1	 357.65395	 47.57396	 180.95108
 710	1	 35.65968	 46.60302	 173.95705
 711	1	 302.77863	 108.18538	 303.75332
 712	1	 40.94421	 72.93551	 297.97640
 713	1	 356.89459	 89.14988	 180.26199
 714	1	 53.66857	 87.37819	 43.82298
 715	1	 320.55640	 67.20233	 65.91056
 716	1	 175.66640	 137.62777	 178.40457
 717	1	 34.92132	 47.22037	 266.57754
 718	1	 125.55498	 150.19077	 337.92641
 719	1	 56.64305	 141.19978	 113.19954
 720	1	 125.27830	 86.57005	 138.26334
 721	1	 27.61447	 51.37208	 188.43557
 722	1	 128.55214	 178.45327	 123.91600
 723	1	 330.09111	 133.63754	 358.26712
 724	1	 180.06236	 92.13232	 358.69176
 725	1	 211.23899	 135.72743	 182.21964
 726	1	 90.46572	 40.23353	 131.32128
 727	1	 327.34385	 65.81672	 247.22180
 728	1	 139.31047	 67.75310	 153.09565
 729	1	 58.38302	 31.10326	 149.06599
 730	1	 314.04309	 87.69289	 317.00282
 731	1	 355.10735	 0.66049	 95.08034
 732	1	 317.43631	 110.60096	 214.37899
 733	1	 272.62940	 38.54273	 130.51119
 734	1	 133.04387	 104.09704	 121.71890
 735	1	 3.30589	 42.21882	 359.01794
 736	1	 25.65425	 0.89650	 241.22631
 737	1	 39.75074	 146.42438	 85.57654
 738	1	 275.43727	 146.70605	 128.54931
 739	1	 251.17064	 1.59569	 287.18132
 740	1	 319.69103	 115.68997	 207.53193
 741	1	 157.02681	 55.82695	 70.66852
 742	1	 82.98197	 35.37819	 223.99967
 743	1	 91.48498	 92.75123	 229.97890
 744	1	 126.44645	 85.22600	 243.08051
 745	1	 164.12808	 179.09673	 73.10431
 746	1	 88.74347	 144.33707	 136.77433
 747	1	 123.91329	 76.27865	 53.52377
 748	1	 120.49365	 149.72746	 66.16703
 749	1	 273.75677	 91.17578	 267.57280
 750	1	 128.50819	 104.50400	 297.34015
 751	1	 178.83126	 90.84260	 269.56781
 752	1	 149.79631	 60.22701	 253.47044
 753	1	 218.95491	 110.46455	 343.38544
 754	1	 37.77210	 65.03646	 297.91915
 755	1	 172.37375	 4.32931	 100.37459
 756	1	 285.09492	 178.62656	 285.36413
 757	1	 267.91329	 93.78425	 131.53536
 758	1	 208.52320	 58.96949	 111.48196
 759	1	 2.02299	 91.48119	 180.37417
 760	1	 36.47359	 136.30424	 267.90174
 761	1	 34.33287	 134.56793	 271.18071
 762	1	 137.96284	 64.66244	 68.17285
 763	1	 137.94269	 48.68517	 2.93698
 764	1	 91.27942	 92.55442	 136.20164
 765	1	 126.65675	 88.63209	 45.55166
 766	1	 274.51855	 90.89235	 137.77748
 767	1	 304.46155	 88.83266	 322.61165
 768	1	 56.25688	 85.11114	 309.67477
 769	1	 129.54100	 75.56650	 324.35470
 770	1	 34.75327	 44.60886	 273.29537
 771	1	 86.59142	 41.48382	 317.36130
 772	1	 60.93601	 148.45943	 114.38589
 773	1	 50.69817	 177.76853	 141.70691
 774	1	 30.39067	 67.99441	 32.60995
 775	1	 144.39697	 106.81046	 297.60438
 776	1	 358.88922	 88.81136	 179.27512
 777	1	 246.62717	 1.59200	 21.49019
 778	1	 321.33509	 133.36258	 270.23615
 779	1	 90.75159	 91.17092	 226.59335
 780	1	 182.62719	 132.58889	 269.53863
 781	1	 324.79523	 62.98990	 64.35122
 782	1	 184.42262	 134.30175	 93.09925
 783	1	 40.87307	 65.87847	 26.20663
 784	1	 22.66956	 53.47610	 286.27844
 785	1	 215.86791	 109.42245	 238.80971
 786	1	 87.58007	 93.06822	 1.10283
 787	1	 2.15801	 48.51958	 4.02502
 788	1	 246.38021	 179.02108	 154.78977
 789	1	 145.14307	 62.19048	 245.19526
 790	1	 92.10262	 34.15051	 43.01517
 791	1	 149.89992	 55.49415	 257.22120
 792	1	 176.97013	 179.25606	 178.91165
 793	1	 316.76530	 117.75354	 23.15441
 794	1	 212.99059	 134.56232	 93.89387
 795	1	 220.35352	 107.52703	 330.02892
 796	1	 271.04236	 87.38916	 358.18645
 797	1	 138.65699	 63.60524	 246.42851
 798	1	 274.42593	 146.92835	 229.40144
 799	1	 301.47901	 35.17225	 205.92761
 800	1	 51.46888	 90.89665	 309.62114
 801	1	 90.00876	 87.48051	 139.58767
 802	1	 91.52976	 87.57739	 359.03492
 803	1	 180.11808	 41.90888	 359.81320
 804	1	 218.35925	 128.89654	 182.00002
 805	1	 359.53980	 92.19646	 268.85425
 806	1	 205.53422	 1.70775	 158.61862
 807	1	 242.60713	 141.52986	 115.71804
 808	1	 92.18054	 138.56012	 134.53132
 809	1	 292.16682	 2.15775	 65.52050
 810	1	 267.77028	 87.42811	 271.28829
 811	1	 179.22076	 43.71555	 0.47964
 812	1	 153.26982	 61.15513	 161.94704
 813	1	 40.02592	 61.11854	 299.31167
 814	1	 145.40216	 115.44204	 292.65589
 815	1	 239.69310	 100.17577	 60.65826
 816	1	 2.98407	 41.51009	 2.76504
 817	1	 176.68082	 87.90350	 178.45638
 818	1	 359.18126	 137.49323	 357.04511
 819	1	 325.19299	 48.41832	 270.69804
 820	1	 179.94085	 136.06108	 179.78410
 821	1	 177.56018	 178.24032	 355.89671
 822	1	 271.56932	 92.50836	 137.08351
 823	1	 123.62218	 148.09079	 245.20423
 824	1	 37.54597	 136.71806	 176.79699
 825	1	 211.05545	 130.68461	 91.78821
 826	1	 358.84571	 88.71034	 91.30209
 827	1	 34.98527	 60.93556	 25.26391
 828	1	 146.38533	 60.22875	 70.20782
 829	1	 332.15685	 177.16749	 151.27764
 830	1	 30.70586	 60.65354	 13.00959
 831	1	 232.67093	 91.36603	 314.60629
 832	1	 202.73261	 121.78023	 342.44373
 833	1	 268.67711	 92.88582	 181.31191
 834	1	 120.35134	 2.01775	 58.22638
 835	1	 344.76266	 177.21670	 347.38187
 836	1	 89.23272	 36.43887	 130.45946
 837	1	 300.48663	 31.71880	 114.04871
 838	1	 32.07424	 45.23344	 0.47965
 839	1	 176.56530	 45.62948	 181.47562
 840	1	 37.44338	 125.30936	 90.71795
 841	1	 266.27339	 88.18589	 226.41071
 842	1	 52.94120	 3.55793	 128.84627
 843	1	 54.04150	 88.07250	 222.59327
 844	1	 317.61635	 64.37889	 64.90759
 845	1	 355.05480	 177.32718	 82.95860
 846	1	 241.59338	 141.31782	 298.24230
 847	1	 304.86352	 93.46092	 135.48873
 848	1	 146.94791	 40.69419	 354.11878
 849	1	 321.45307	 44.19777	 84.74337
 850	1	 309.14286	 85.17321	 48.16992
 851	1	 320.36893	 68.23595	 150.03462
 852	1	 143.64303	 46.13810	 179.19735
 853	1	 89.96953	 88.79970	 46.04779
 854	1	 24.01213	 117.60797	 66.94469
 855	1	 128.19429	 85.13276	 138.21985
 856	1	 1.19682	 88.07778	 177.30591
 857	1	 268.94804	 88.70420	 133.66570
 858	1	 158.75310	 55.16806	 156.98020
 859	1	 359.65595	 133.06516	 180.48386
 860	1	 143.61727	 105.16307	 28.10463
 861	1	 180.35517	 87.67395	 178.40274
 862	1	 236.83549	 149.05427	 298.64148
 863	1	 178.80926	 47.14723	 179.20310
 864	1	 358.66813	 87.42963	 270.34234
 865	1	 179.53468	 39.08358	 272.77084
 866	1	 0.63038	 45.55486	 180.32764
 867	1	 89.25872	 93.37726	 316.09659
 868	1	 269.52043	 90.98856	 224.45817
 869	1	 327.31540	 131.67160	 271.17579
 870	1	 180.63423	 46.07684	 185.84419
 871	1	 179.57483	 42.75902	 184.01519
 872	1	 317.22682	 118.81816	 198.10721
 873	1	 179.87029	 43.16951	 271.68568
 874	1	 324.01816	 66.08203	 153.25377
 875	1	 272.65915	 89.03976	 42.98001
 876	1	 304.14184	 1.70263	 147.43900
 877	1	 208.32380	 122.27274	 76.10043
 878	1	 56.05332	 89.86534	 135.71133
 879	1	 239.05676	 33.32273	 66.05625
 880	1	 63.79474	 3.71143	 299.01746
 881	1	 124.45011	 87.47432	 130.84817
 882	1	 143.92199	 68.60214	 142.16346
 883	1	 222.02969	 111.30153	 150.95986
 884	1	 309.67200	 89.17986	 221.47238
 885	1	 326.17908	 133.92826	 91.37879
 886	1	 295.52780	 47.14820	 21.35028
 887	1	 95.95035	 35.41893	 137.50780
 888	1	 26.94720	 59.90962	 289.97028
 889	1	 178.32719	 50.16855	 88.82622
 890	1	 318.99368	 69.21572	 247.84017
 891	1	 50.67694	 91.71864	 312.30760
 892	1	 60.24917	 35.57616	 236.00494
 893	1	 44.28523	 80.27057	 34.19365
 894	1	 358.53942	 133.51473	 91.61901
 895	1	 322.37780	 139.82282	 88.16058
 896	1	 29.03134	 57.40978	 109.32627
 897	1	 145.27284	 117.01204	 209.39580
 898	1	 235.72070	 2.98011	 218.58610
 899	1	 181.24757	 137.65613	 271.96222
 900	1	 92.99516	 40.27061	 313.14241
 901	1	 128.30810	 87.92117	 228.12847
 902	1	 271.67425	 87.26287	 312.62601
 903	1	 234.71380	 93.10445	 135.91038
 904	1	 34.95457	 44.39592	 95.61610
 905	1	 180.66604	 134.87332	 181.83395
 906	1	 184.66158	 88.43569	 93.90789
 907	1	 269.73013	 86.26076	 135.05360
 908	1	 169.54826	 0.25502	 188.13563
 909	1	 319.49226	 137.48847	 89.71208
 910	1	 120.19362	 2.25223	 62.62167
 911	1	 267.66971	 90.99393	 136.72822
 912	1	 220.96904	 115.77913	 153.15738
 913	1	 88.23546	 39.16577	 133.86730
 914	1	 138.12608	 63.32560	 244.21425
 915	1	 302.58494	 177.98756	 297.91371
 916	1	 178.10932	 134.13868	 0.57277
 917	1	 358.89323	 134.73589	 89.20703
 918	1	 306.74382	 87.67713	 227.64706
 919	1	 233.68156	 103.97541	 57.18465
 920	1	 143.86600	 71.24154	 330.09275
 921	1	 319.65963	 118.58324	 117.66653
 922	1	 221.39826	 118.04837	 153.59898
 923	1	 358.80327	 138.16449	 270.14027
 924	1	 357.93945	 136.38153	 1.27883
 925	1	 45.27103	 70.47533	 290.46063
 926	1	 26.96689	 60.70751	 196.86400
 927	1	 125.56577	 77.07668	 148.19542
 928	1	 208.44772	 132.64964	 65.46231
 929	1	 81.51047	 2.75333	 276.07711
 930	1	 267.28794	 148.85896	 132.89457
 931	1	 1.45795	 138.85509	 0.16615
 932	1	 359.70880	 137.03178	 3.92348
 933	1	 142.70232	 41.87470	 90.94584
 934	1	 327.68109	 70.08055	 62.54225
 935	1	 55.53629	 34.06705	 157.25588
 936	1	 31.16477	 129.89755	 68.09043
 937	1	 202.88642	 61.08975	 199.63400
 938	1	 223.38309	 112.26734	 342.99613
 939	1	 138.09265	 178.43629	 44.26857
 940	1	 0.82531	 135.51357	 87.65785
 941	1	 0.36962	 46.75395	 181.06829
 942	1	 134.16992	 1.31601	 40.79619
 943	1	 323.26319	 110.27876	 205.46874
 944	1	 325.44621	 134.47101	 176.03208
 945	1	 184.91475	 178.21154	 98.83077
 946	1	 142.00235	 63.96760	 149.65692
 947	1	 272.89867	 28.49273	 223.97385
 948	1	 357.45125	 44.23574	 175.33039
 949	1	 121.27935	 77.16583	 65.35886
 950	1	 57.85020	 140.02780	 29.89689
 951	1	 234.24815	 88.10234	 221.79794
 952	1	 91.78034	 4.94941	 86.37892
 953	1	 90.86471	 90.55859	 226.29093
 954	1	 228.41938	 112.20533	 239.65062
 955	1	 87.42313	 88.44205	 137.81686
 956	1	 78.17842	 3.17236	 192.28524
 957	1	 216.53469	 134.02140	 90.54761
 958	1	 179.92980	 44.84440	 356.67478
 959	1	 151.24927	 55.03382	 163.12003
 960	1	 328.94493	 63.03991	 333.13738
 961	1	 269.52948	 87.39324	 315.29706
 962	1	 181.91763	 43.94610	 183.17477
 963	1	 238.48219	 147.07891	 115.42769
 964	1	 307.75306	 91.97576	 225.37801
 965	1	 39.22995	 72.13018	 31.76632
 966	1	 326.26410	 135.01771	 90.27545
 967	1	 323.18471	 41.66422	 188.13595
 968	1	 89.47419	 90.49649	 223.09041
 969	1	 58.68458	 142.42858	 298.34640
 970	1	 144.08347	 62.04658	 70.14046
 971	1	 87.65113	 95.22138	 224.80836
 972	1	 323.08759	 45.80605	 92.20289
 973	1	 112.43026	 178.27715	 112.93067
 974	1	 269.73327	 85.79306	 224.49264
 975	1	 4.36398	 1.55422	 86.80260
 976	1	 318.31406	 111.52774	 23.67237
 977	1	 322.07647	 65.28659	 338.74934
 978	1	 236.96775	 94.43660	 316.05928
 979	1	 88.33106	 36.93777	 42.03286
 980	1	 142.17541	 109.19055	 20.62782
 981	1	 309.51106	 81.07206	 238.54340
 982	1	 30.54256	 56.78514	 19.97151
 983	1	 294.51285	 0.80899	 62.29273
 984	1	 205.95529	 52.76613	 19.92436
 985	1	 264.76027	 147.41741	 320.80591
 986	1	 38.01099	 136.81482	 178.53523
 987	1	 282.20224	 138.66763	 225.50157
 988	1	 239.22460	 37.74035	 246.67518
 989	1	 177.06560	 138.19813	 2.80444
 990	1	 329.66204	 125.72417	 14.11908
 991	1	 209.60083	 133.76853	 187.48952
 992	1	 305.40376	 73.35648	 58.64564
 993	1	 36.34904	 114.54691	 59.36671
 994	1	 38.82757	 132.00716	 89.64811
 995	1	 324.03493	 44.84346	 82.66633
 996	1	 141.42646	 140.54247	 274.51721
 997	1	 106.00625	 0.12743	 341.80941
 998	1	 90.29077	 89.76239	 268.47804
 999	1	 38.07426	 115.76613	 157.66415
1000	1	 149.53015	 50.13358	 5.50958
