   1	1	 306.89178	 71.90227	 330.36628
   2	1	 182.75820	 45.87962	 272.36766
   3	1	 271.73479	 91.89026	 315.00892
   4	1	 64.71640	 144.41651	 22.67968
   5	1	 125.98553	 75.29495	 146.47178
   6	1	 37.72548	 116.49949	 241.19489
   7	1	 86.71490	 90.19640	 314.91568
   8	1	 268.45277	 32.09801	 216.06041
   9	1	 183.44264	 43.88600	 180.51794
  10	1	 27.34399	 54.99710	 286.78193
  11	1	 272.54462	 93.06976	 142.07125
  12	1	 106.91140	 0.51976	 154.26815
  13	1	 76.23321	 177.91881	 258.32944
  14	1	 4.26820	 134.51425	 191.87550
  15	1	 265.34797	 87.74235	 180.14697
  16	1	 324.30307	 117.17618	 297.94126
  17	1	 2.84295	 138.61489	 80.61399
  18	1	 181.41877	 134.09683	 275.54759
  19	1	 124.63953	 76.82715	 57.82916
  20	1	 264.48244	 96.76162	 319.62085
  21	1	 177.02209	 86.93402	 81.60183
  22	1	 38.49674	 175.08103	 35.29398
  23	1	 122.11295	 152.26395	 329.78049
  24	1	 88.50233	 87.47964	 46.23950
  25	1	 89.80708	 31.47975	 321.34688
  26	1	 178.59186	 41.40850	 86.89276
  27	1	 72.83015	 175.23665	 250.45810
  28	1	 181.05531	 41.89052	 172.74737
  29	1	 270.22277	 88.07097	 223.93638
  30	1	 90.60439	 145.12914	 311.80474
  31	1	 175.98434	 140.75831	 356.77505
  32	1	 38.38696	 174.21709	 46.34896
  33	1	 277.07822	 83.96126	 229.84157
  34	1	 125.17963	 100.99491	 305.79782
  35	1	 39.12130	 111.53039	 243.28174
  36	1	 65.99241	 39.15086	 244.11534
  37	1	 55.64513	 35.58128	 333.16588
  38	1	 175.11928	 44.84746	 95.18362
  39	1	 91.28399	 88.37844	 188.73637
  40	1	 345.16657	 179.31465	 71.93448
  41	1	 182.37274	 136.75011	 270.09404
  42	1	 318.74712	 113.63311	 28.11914
  43	1	 2.27642	 136.98502	 264.63432
  44	1	 179.05097	 138.06010	 3.61565
  45	1	 174.17149	 47.54796	 353.11789
  46	1	 123.72709	 75.98740	 332.42522
  47	1	 181.12147	 137.66972	 265.05247
  48	1	 186.79253	 45.27309	 274.30018
  49	1	 38.64020	 69.64445	 31.37727
  50	1	 264.72488	 89.01683	 49.82606
  51	1	 59.22463	 149.25351	 19.58766
  52	1	 199.63258	 53.82873	 286.33269
  53	1	 92.39984	 146.40962	 225.61601
  54	1	 221.64915	 119.40085	 157.05741
  55	1	 211.03703	 54.44877	 111.49897
  56	1	 1.25654	 43.92300	 180.19804
  57	1	 269.99673	 34.94372	 317.24083
  58	1	 7.60001	 47.95613	 89.41292
  59	1	 203.40098	 55.65278	 13.65497
  60	1	 90.03268	 91.92001	 90.98251
  61	1	 176.67401	 97.71211	 176.69378
  62	1	 174.85417	 145.62857	 353.16356
  63	1	 130.60877	 108.64830	 35.75484
  64	1	 276.38505	 139.77354	 134.15090
  65	1	 215.83586	 63.85272	 297.60356
  66	1	 85.25232	 89.16189	 223.20101
  67	1	 210.41575	 58.42418	 287.65843
  68	1	 85.32298	 90.82167	 46.96161
  69	1	 10.28654	 179.36352	 108.01852
  70	1	 264.13716	 89.99176	 92.20843
  71	1	 143.22520	 113.97304	 210.15164
  72	1	 177.40492	 142.87136	 280.56725
  73	1	 90.85507	 93.56468	 351.22660
  74	1	 82.76201	 173.69759	 354.07693
  75	1	 302.05693	 39.17463	 298.62420
  76	1	 88.03730	 95.11756	 39.02683
  77	1	 5.29270	 138.39006	 359.71492
  78	1	 177.73516	 134.70515	 88.09848
  79	1	 133.10798	 62.13173	 68.09988
  80	1	 140.51803	 65.25832	 68.48565
  81	1	 1.42461	 46.22793	 91.47643
  82	1	 86.59542	 0.57907	 3.02348
  83	1	 86.59599	 94.44066	 46.59867
  84	1	 274.52663	 140.36964	 135.90553
  85	1	 62.32994	 38.20542	 329.67621
  86	1	 89.69917	 94.70364	 93.12278
  87	1	 9.40527	 53.62477	 180.03630
  88	1	 176.92542	 52.58715	 1.91050
  89	1	 113.39964	 0.18062	 337.18322
  90	1	 185.86666	 177.85405	 264.22578
  91	1	 209.15556	 56.98216	 21.01009
  92	1	 352.62029	 44.63510	 185.78462
  93	1	 268.95754	 30.69630	 229.28789
  94	1	 88.46913	 90.03982	 43.92389
  95	1	 177.99734	 136.61004	 89.87682
  96	1	 1.94854	 133.63230	 93.34256
  97	1	 328.89612	 124.86546	 194.69691
  98	1	 2.55063	 46.57983	 356.71744
  99	1	 305.06677	 111.15423	 28.28888
 100	1	 130.27399	 104.29843	 300.66114
 101	1	 274.73858	 85.28063	 315.63787
 102	1	 206.36256	 54.75376	 20.99981
 103	1	 183.06767	 133.68961	 183.52298
 104	1	 319.05263	 67.43167	 250.06725
 105	1	 231.35583	 108.34409	 149.57129
 106	1	 89.11085	 90.86154	 40.46323
 107	1	 266.61558	 96.55045	 221.29877
 108	1	 318.76204	 116.00020	 27.77005
 109	1	 219.85472	 117.32907	 249.02260
 110	1	 33.13733	 118.20880	 337.18188
 111	1	 144.23117	 116.46683	 208.89701
 112	1	 240.08290	 38.70681	 244.09084
 113	1	 220.88768	 113.28964	 337.16961
 114	1	 140.80997	 5.36039	 29.15579
 115	1	 325.94598	 64.31547	 59.36379
 116	1	 211.21586	 112.05248	 242.84272
 117	1	 264.50337	 99.20982	 135.11969
 118	1	 273.79727	 136.80607	 321.57073
 119	1	 87.42871	 142.86636	 44.69621
 120	1	 205.52209	 120.76806	 163.74704
 121	1	 213.67298	 112.97021	 327.13878
 122	1	 82.49653	 84.84628	 130.43171
 123	1	 275.56345	 95.54722	 131.49960
 124	1	 90.34414	 93.84178	 316.30478
 125	1	 285.25807	 5.53222	 165.31956
 126	1	 190.87953	 139.45206	 181.35887
 127	1	 263.58138	 91.78774	 314.90325
 128	1	 86.84699	 142.27890	 137.89388
 129	1	 210.31007	 61.75942	 290.64777
 130	1	 274.04224	 86.92120	 133.88001
 131	1	 91.97676	 144.68938	 312.40225
 132	1	 93.28762	 90.02640	 318.15245
 133	1	 176.56568	 134.67906	 359.95206
 134	1	 353.50259	 43.53783	 89.00596
 135	1	 51.38035	 179.07011	 319.22188
 136	1	 179.74848	 131.30486	 269.22166
 137	1	 32.35557	 67.90675	 117.79241
 138	1	 3.46826	 46.48987	 93.80119
 139	1	 315.72130	 118.83696	 203.86579
 140	1	 57.21767	 146.08868	 295.00372
 141	1	 1.29152	 129.92624	 182.07571
 142	1	 2.18354	 90.97683	 187.72832
 143	1	 233.20871	 103.57801	 145.92272
 144	1	 125.37357	 107.08463	 34.90329
 145	1	 234.62673	 139.16874	 293.82342
 146	1	 285.23079	 178.46650	 288.69011
 147	1	 6.10625	 132.49697	 352.70630
 148	1	 10.55277	 3.27629	 83.17033
 149	1	 86.26975	 94.40228	 129.45163
 150	1	 1.40977	 136.94427	 181.03262
 151	1	 271.89455	 91.06236	 50.04973
 152	1	 98.23965	 179.25615	 95.93270
 153	1	 128.15032	 100.37390	 33.80631
 154	1	 307.32336	 76.90953	 141.18301
 155	1	 355.10829	 39.02287	 181.75077
 156	1	 28.02841	 61.13079	 19.62086
 157	1	 35.69655	 70.81141	 115.09501
 158	1	 1.95113	 136.12600	 186.15091
 159	1	 176.50659	 136.49396	 267.25881
 160	1	 201.31297	 175.89812	 290.72348
 161	1	 89.35290	 93.77083	 223.41019
 162	1	 176.71923	 51.44766	 274.43371
 163	1	 91.88573	 92.27852	 176.60021
 164	1	 182.37621	 97.22315	 179.78320
 165	1	 169.30431	 136.86251	 278.01834
 166	1	 55.48026	 145.35984	 205.08066
 167	1	 62.59839	 30.79079	 55.21056
 168	1	 178.03792	 4.61457	 90.34084
 169	1	 0.19343	 134.14602	 182.34562
 170	1	 319.75934	 118.16117	 31.83935
 171	1	 7.03783	 130.01163	 3.14219
 172	1	 231.78797	 35.60108	 235.98907
 173	1	 308.50665	 71.65139	 324.49976
 174	1	 90.03872	 87.10178	 224.05046
 175	1	 272.39072	 92.66774	 94.10298
 176	1	 121.75556	 137.73602	 153.39897
 177	1	 133.54171	 114.67633	 200.83210
 178	1	 238.42171	 35.48482	 61.98977
 179	1	 214.01902	 177.87850	 30.61655
 180	1	 181.27484	 40.83968	 176.72318
 181	1	 3.04245	 44.70500	 95.94808
 182	1	 181.63476	 137.62909	 277.31020
 183	1	 214.80225	 116.90901	 155.49046
 184	1	 130.28114	 74.85579	 233.32955
 185	1	 221.59718	 70.62666	 212.32380
 186	1	 337.91316	 121.61314	 16.44463
 187	1	 128.19223	 75.74288	 328.99257
 188	1	 143.16521	 115.88836	 296.98826
 189	1	 271.22008	 0.82624	 180.36723
 190	1	 27.27519	 127.14155	 72.34299
 191	1	 185.88660	 135.03395	 271.79710
 192	1	 240.02959	 142.34327	 30.79551
 193	1	 177.79310	 46.21320	 87.11806
 194	1	 354.72161	 179.25715	 353.60195
 195	1	 182.31802	 45.24709	 269.67512
 196	1	 155.20689	 179.87861	 159.28336
 197	1	 222.20538	 173.24405	 44.26745
 198	1	 202.89807	 0.80040	 339.30411
 199	1	 36.70639	 0.55841	 235.61763
 200	1	 172.31205	 95.71240	 179.37356
 201	1	 347.68017	 179.78060	 350.18214
 202	1	 179.08861	 137.69219	 272.61059
 203	1	 277.59833	 86.79783	 313.11558
 204	1	 235.37714	 105.15200	 145.63439
 205	1	 7.31422	 174.11122	 104.72956
 206	1	 98.06775	 1.29967	 93.55260
 207	1	 37.03815	 68.76540	 114.15538
 208	1	 210.49153	 60.35758	 284.40102
 209	1	 56.07989	 134.94838	 202.69259
 210	1	 2.35040	 133.30903	 3.90967
 211	1	 110.69229	 0.24383	 163.67885
 212	1	 319.76333	 70.13467	 153.90295
 213	1	 180.25143	 133.44386	 184.64628
 214	1	 179.48180	 135.20815	 86.56566
 215	1	 183.79945	 129.36783	 85.80861
 216	1	 0.88004	 43.65954	 181.19785
 217	1	 75.30696	 3.04972	 198.32697
 218	1	 42.64569	 118.78919	 152.73035
 219	1	 25.06230	 121.64270	 340.77267
 220	1	 280.42369	 178.15563	 285.27395
 221	1	 91.10406	 86.77414	 230.67361
 222	1	 178.93629	 48.66770	 268.76871
 223	1	 321.71749	 115.74847	 26.85696
 224	1	 325.97625	 119.28618	 285.33135
 225	1	 263.55128	 90.29816	 313.78080
 226	1	 269.27587	 38.43259	 129.95480
 227	1	 21.91338	 4.41202	 65.70575
 228	1	 219.09792	 68.90460	 122.81347
 229	1	 314.01578	 68.95227	 245.72581
 230	1	 187.64995	 44.91583	 270.80395
 231	1	 324.80880	 177.12815	 229.00905
 232	1	 319.57819	 112.13843	 204.94318
 233	1	 358.95641	 141.20801	 268.88853
 234	1	 81.53649	 86.36824	 313.71616
 235	1	 145.41424	 60.30434	 246.93610
 236	1	 34.53634	 113.04906	 236.86718
 237	1	 305.42767	 172.98045	 127.51508
 238	1	 181.14324	 45.67487	 178.95108
 239	1	 28.80062	 57.95510	 107.36105
 240	1	 1.88008	 129.60701	 182.69132
 241	1	 177.23303	 47.84715	 170.66750
 242	1	 310.12944	 106.51245	 126.57049
 243	1	 94.69163	 90.81991	 317.29652
 244	1	 331.90972	 119.69359	 198.28339
 245	1	 182.28836	 48.16635	 93.62793
 246	1	 356.77562	 48.43905	 89.13549
 247	1	 200.93717	 4.04120	 337.21952
 248	1	 268.75820	 98.96759	 227.14282
 249	1	 176.31318	 88.15559	 359.06953
 250	1	 6.60691	 132.68582	 91.05926
 251	1	 271.25629	 86.55495	 319.18001
 252	1	 24.38207	 62.28585	 287.22655
 253	1	 3.66299	 44.06951	 273.14839
 254	1	 179.79081	 40.80977	 272.58625
 255	1	 336.27143	 119.27084	 199.35008
 256	1	 61.38022	 141.02247	 294.90194
 257	1	 329.37300	 118.70351	 111.58549
 258	1	 43.24235	 63.36004	 22.92357
 259	1	 229.54869	 34.55647	 332.36551
 260	1	 182.47713	 133.01714	 0.18592
 261	1	 182.16698	 133.38521	 94.18890
 262	1	 207.98622	 179.22090	 119.77870
 263	1	 210.83863	 178.84360	 214.07807
 264	1	 34.02323	 63.32852	 304.57787
 265	1	 60.96928	 142.40190	 31.60842
 266	1	 271.71077	 82.70362	 133.25707
 267	1	 223.48268	 64.86048	 296.28779
 268	1	 127.47802	 79.73561	 147.65717
 269	1	 4.62716	 46.32456	 95.28632
 270	1	 123.67463	 141.22007	 244.53015
 271	1	 6.94736	 42.57336	 268.94595
 272	1	 26.57557	 173.29859	 200.15439
 273	1	 357.54669	 138.24517	 272.94601
 274	1	 37.07101	 122.24790	 60.93428
 275	1	 6.82614	 46.85852	 92.40658
 276	1	 270.81503	 94.74406	 226.99804
 277	1	 356.75999	 87.62644	 87.51259
 278	1	 218.27718	 178.45647	 222.18224
 279	1	 325.87562	 115.73434	 200.98197
 280	1	 85.77209	 26.07989	 223.67532
 281	1	 270.88213	 31.62475	 226.36070
 282	1	 180.11804	 44.33163	 262.28589
 283	1	 236.74427	 36.47922	 242.02523
 284	1	 175.60850	 54.23438	 267.78673
 285	1	 62.53754	 4.28160	 31.97851
 286	1	 90.19852	 80.13240	 38.99422
 287	1	 358.39769	 137.75146	 272.23967
 288	1	 317.81846	 112.11534	 27.35907
 289	1	 181.14468	 41.63865	 182.82691
 290	1	 1.69346	 39.21275	 177.68093
 291	1	 162.69523	 6.41918	 24.55816
 292	1	 316.98980	 63.99184	 241.89905
 293	1	 204.62261	 178.04166	 205.35849
 294	1	 126.30038	 109.26236	 33.93098
 295	1	 178.45001	 39.94976	 182.21034
 296	1	 89.62322	 89.04367	 133.33856
 297	1	 306.61604	 106.64461	 125.68122
 298	1	 210.89956	 55.26228	 105.84087
 299	1	 116.32698	 141.73470	 243.53797
 300	1	 142.90444	 111.34755	 211.18834
 301	1	 4.86133	 41.05820	 182.80445
 302	1	 301.40811	 179.14316	 307.66610
 303	1	 94.93279	 144.80195	 321.73747
 304	1	 356.38596	 45.18585	 80.31076
 305	1	 303.15474	 107.19944	 123.80412
 306	1	 49.97724	 63.58210	 119.71231
 307	1	 177.56128	 177.06634	 352.98192
 308	1	 267.03208	 88.36971	 135.46475
 309	1	 179.75819	 45.34567	 91.89715
 310	1	 268.43289	 139.27930	 47.25593
 311	1	 357.48413	 136.08157	 277.12843
 312	1	 144.25898	 111.79174	 122.92335
 313	1	 83.91179	 87.01226	 228.04861
 314	1	 218.16740	 120.24246	 329.26415
 315	1	 221.93430	 63.80054	 29.21093
 316	1	 356.79511	 129.40313	 191.52698
 317	1	 63.54156	 39.16042	 332.89937
 318	1	 0.48951	 135.65707	 180.25670
 319	1	 55.30227	 146.57295	 297.02102
 320	1	 93.05562	 92.25245	 314.76424
 321	1	 182.27023	 45.62649	 89.73376
 322	1	 180.70751	 46.17357	 87.17439
 323	1	 358.77507	 136.12732	 181.14536
 324	1	 177.73403	 138.05512	 270.78446
 325	1	 243.41544	 33.96929	 242.82745
 326	1	 54.30078	 73.37938	 211.48843
 327	1	 269.36596	 88.96928	 227.83041
 328	1	 269.65680	 87.89329	 311.49279
 329	1	 207.15988	 60.84138	 21.65968
 330	1	 321.02884	 116.58468	 24.88369
 331	1	 272.55746	 92.37380	 45.21564
 332	1	 177.83771	 133.30616	 0.18230
 333	1	 145.93489	 109.76180	 117.29183
 334	1	 25.47084	 120.80940	 157.92740
 335	1	 358.90308	 138.72419	 89.99018
 336	1	 181.12535	 45.34386	 1.48792
 337	1	 184.31017	 141.75990	 173.26594
 338	1	 25.94215	 55.86130	 20.15260
 339	1	 3.04448	 43.77463	 182.41618
 340	1	 1.65442	 40.96815	 276.49978
 341	1	 43.49244	 176.94608	 306.14736
 342	1	 267.96854	 97.63796	 314.19280
 343	1	 3.64685	 136.99449	 94.70634
 344	1	 359.19509	 46.60270	 98.18613
 345	1	 332.40708	 125.65728	 9.98300
 346	1	 271.54324	 147.07205	 316.96900
 347	1	 178.06839	 131.86372	 179.67651
 348	1	 184.00080	 142.94185	 359.17650
 349	1	 187.67415	 135.50490	 266.20300
 350	1	 38.68570	 66.57532	 206.23842
 351	1	 180.33693	 87.51843	 272.05368
 352	1	 90.41334	 88.33806	 225.82868
 353	1	 267.95333	 33.89656	 228.07108
 354	1	 45.60186	 65.39958	 210.09885
 355	1	 358.31522	 135.69177	 269.28453
 356	1	 270.03349	 92.29909	 47.19102
 357	1	 126.63751	 144.69015	 160.82930
 358	1	 144.69331	 59.35812	 160.38283
 359	1	 358.49174	 44.74225	 3.95596
 360	1	 241.45735	 138.61485	 118.40050
 361	1	 307.70287	 40.41746	 291.93817
 362	1	 151.12804	 176.25029	 239.53186
 363	1	 150.90374	 9.78769	 30.18475
 364	1	 179.77347	 125.61584	 272.66859
 365	1	 6.99819	 91.94946	 90.75817
 366	1	 227.09778	 104.90416	 234.37800
 367	1	 4.47289	 138.43540	 176.45822
 368	1	 89.61950	 91.67210	 96.08725
 369	1	 271.72050	 90.48597	 227.92480
 370	1	 272.41237	 93.52218	 226.91487
 371	1	 222.02670	 63.54613	 26.86753
 372	1	 350.03744	 0.68645	 2.90468
 373	1	 238.19458	 177.15757	 244.47893
 374	1	 263.97435	 142.69386	 316.80716
 375	1	 352.32068	 178.47051	 76.06321
 376	1	 163.33897	 178.94363	 243.74340
 377	1	 94.62397	 91.54053	 225.57415
 378	1	 200.98780	 0.04083	 158.08709
 379	1	 250.54589	 7.58011	 113.34311
 380	1	 2.44702	 43.77538	 3.75158
 381	1	 28.97132	 120.00533	 347.80368
 382	1	 174.28286	 135.27518	 87.30282
 383	1	 326.64954	 126.71881	 291.29010
 384	1	 268.72519	 97.79296	 43.50906
 385	1	 182.85082	 44.07729	 268.32842
 386	1	 160.82808	 53.76833	 166.52182
 387	1	 0.57442	 134.02855	 269.16303
 388	1	 1.93669	 40.67356	 7.90274
 389	1	 311.51794	 109.70472	 125.45659
 390	1	 231.77147	 177.96290	 231.15361
 391	1	 1.66877	 139.25428	 86.18739
 392	1	 139.74417	 117.41837	 202.08525
 393	1	 184.32230	 140.24169	 269.64152
 394	1	 307.36685	 72.02690	 328.52486
 395	1	 337.51968	 115.81502	 193.35546
 396	1	 326.67771	 124.13964	 17.22037
 397	1	 131.34607	 175.17158	 318.81760
 398	1	 269.92611	 149.40883	 215.60810
 399	1	 263.52104	 138.74159	 134.80437
 400	1	 91.48405	 88.96417	 219.66449
 401	1	 3.75620	 135.57887	 91.46341
 402	1	 263.90943	 89.88067	 179.04274
 403	1	 1.14666	 40.84165	 88.99498
 404	1	 335.23681	 124.72092	 195.61694
 405	1	 271.74388	 93.35194	 142.23640
 406	1	 358.22376	 133.28237	 82.09027
 407	1	 357.91579	 96.07808	 82.32004
 408	1	 127.46756	 113.31393	 121.32569
 409	1	 4.34017	 134.13512	 6.34572
 410	1	 277.03439	 87.56563	 228.49188
 411	1	 221.00046	 71.42291	 203.16839
 412	1	 151.42140	 65.88740	 341.82119
 413	1	 110.69903	 8.19244	 246.42390
 414	1	 17.92837	 179.04500	 208.41155
 415	1	 91.72031	 147.35215	 48.52634
 416	1	 139.55775	 171.43446	 322.09268
 417	1	 180.22420	 92.32419	 86.84700
 418	1	 263.84045	 86.05437	 315.60213
 419	1	 169.95875	 176.77209	 345.53128
 420	1	 0.85284	 126.66175	 266.17562
 421	1	 269.05858	 142.76693	 52.09342
 422	1	 271.35333	 89.63678	 226.02684
 423	1	 29.07288	 178.63847	 36.06845
 424	1	 244.81894	 144.85931	 115.34061
 425	1	 157.27981	 55.62834	 168.82053
 426	1	 0.41901	 46.80509	 182.85284
 427	1	 92.25931	 92.44589	 219.50495
 428	1	 8.65473	 133.48280	 173.20621
 429	1	 272.33761	 91.93179	 128.19613
 430	1	 42.27366	 61.33675	 26.75757
 431	1	 181.89355	 134.66500	 180.09573
 432	1	 266.74200	 143.88799	 45.50463
 433	1	 272.08274	 89.01628	 312.58019
 434	1	 285.19901	 40.70644	 225.44764
 435	1	 31.89506	 59.25104	 286.52328
 436	1	 323.97714	 65.44528	 334.95951
 437	1	 251.64271	 6.42776	 108.27838
 438	1	 137.75527	 70.82519	 333.58674
 439	1	 43.85997	 1.49173	 145.03914
 440	1	 29.84328	 55.32746	 20.08159
 441	1	 202.74954	 2.52111	 335.48758
 442	1	 5.61488	 129.32958	 93.27840
 443	1	 322.29450	 119.03554	 29.75013
 444	1	 52.86249	 72.28521	 211.33661
 445	1	 94.42135	 32.99425	 216.96167
 446	1	 237.90662	 29.37082	 62.19704
 447	1	 90.46399	 29.61160	 38.51593
 448	1	 271.55074	 90.69329	 132.77133
 449	1	 145.90882	 177.83621	 220.43287
 450	1	 298.66288	 34.30241	 117.97929
 451	1	 326.43477	 119.80251	 208.71229
 452	1	 267.50808	 90.68174	 267.81187
 453	1	 353.79655	 46.59942	 272.20028
 454	1	 62.01863	 41.45680	 63.06222
 455	1	 235.57564	 175.81960	 141.68561
 456	1	 63.41929	 5.99558	 209.95437
 457	1	 187.62666	 42.89712	 86.06420
 458	1	 26.89807	 59.33626	 107.56742
 459	1	 319.43025	 63.96667	 334.46307
 460	1	 355.45258	 45.22739	 270.95766
 461	1	 356.34986	 135.93709	 7.15199
 462	1	 271.57963	 88.38481	 312.41574
 463	1	 87.32476	 150.52898	 314.80265
 464	1	 126.04318	 173.12463	 220.69969
 465	1	 91.93757	 83.93177	 131.53995
 466	1	 33.67708	 66.58083	 111.93885
 467	1	 186.25889	 56.73438	 89.76122
 468	1	 23.27354	 171.57085	 301.26447
 469	1	 217.09874	 116.98736	 236.62897
 470	1	 30.60763	 176.39324	 298.23399
 471	1	 182.93007	 45.30755	 93.07190
 472	1	 271.20270	 88.24499	 44.14110
 473	1	 269.58254	 90.22134	 230.52953
 474	1	 207.30013	 59.91095	 197.71642
 475	1	 323.31535	 60.29268	 154.34934
 476	1	 177.32381	 139.36011	 178.43227
 477	1	 62.41307	 143.05348	 23.83903
 478	1	 38.82325	 2.46744	 329.17969
 479	1	 358.26729	 132.44217	 180.81707
 480	1	 87.43833	 92.00105	 38.70732
 481	1	 265.78420	 89.97006	 40.74414
 482	1	 355.87487	 134.68604	 90.16067
 483	1	 309.74583	 108.00225	 311.07497
 484	1	 178.95873	 93.65043	 0.10080
 485	1	 182.70853	 137.57813	 1.73047
 486	1	 354.51283	 47.01742	 182.33054
 487	1	 172.32872	 138.20382	 271.83699
 488	1	 197.32033	 2.02182	 72.07232
 489	1	 270.96489	 95.93678	 45.97016
 490	1	 205.92069	 0.35562	 151.84421
 491	1	 142.84754	 113.93492	 22.98403
 492	1	 143.28025	 57.98647	 159.57577
 493	1	 301.16756	 177.43497	 131.77640
 494	1	 268.07625	 95.79548	 223.37655
 495	1	 152.85040	 57.22272	 162.05520
 496	1	 275.66223	 41.35510	 311.92884
 497	1	 22.37442	 58.12719	 289.32388
 498	1	 359.82454	 55.27044	 173.35120
 499	1	 129.05107	 104.14891	 126.44866
 500	1	 23.95395	 122.77637	 249.05852
 501	1	 299.18741	 39.03879	 205.67101
 502	1	 178.76956	 143.23940	 83.58377
 503	1	 270.90737	 90.57017	 52.47806
 504	1	 141.38533	 110.70174	 297.25697
 505	1	 100.23845	 176.36545	 277.24304
 506	1	 358.57849	 44.66919	 356.75705
 507	1	 357.24217	 130.94471	 7.84189
 508	1	 183.32969	 84.72818	 265.47382
 509	1	 261.74277	 178.48210	 91.40939
 510	1	 185.20984	 40.60932	 169.09290
 511	1	 90.74209	 93.73323	 138.06925
 512	1	 324.64806	 177.03712	 141.37429
 513	1	 173.84559	 51.24734	 357.40852
 514	1	 270.11178	 89.54118	 312.93037
 515	1	 90.15121	 86.63142	 84.97129
 516	1	 141.05091	 115.06114	 23.63944
 517	1	 179.12047	 134.28276	 271.09244
 518	1	 267.62651	 147.99953	 46.92319
 519	1	 59.85224	 144.25315	 204.59006
 520	1	 78.74540	 3.87550	 179.66801
 521	1	 181.33589	 133.03724	 181.49550
 522	1	 88.10484	 90.26232	 51.81660
 523	1	 272.34589	 93.03884	 276.34405
 524	1	 272.70997	 36.08249	 319.34677
 525	1	 54.99070	 142.38674	 115.74946
 526	1	 218.59341	 121.00639	 62.69996
 527	1	 98.99825	 97.61111	 3.15011
 528	1	 3.67740	 82.85555	 271.03941
 529	1	 272.63863	 90.62912	 314.73920
 530	1	 180.09232	 43.23764	 85.40445
 531	1	 357.19599	 90.19902	 270.69810
 532	1	 309.63931	 69.76538	 57.47854
 533	1	 6.37506	 131.58281	 266.93498
 534	1	 216.62808	 115.50618	 64.72549
 535	1	 263.64912	 88.60739	 50.81157
 536	1	 230.68112	 108.33487	 148.40327
 537	1	 265.99017	 142.60389	 313.56643
 538	1	 53.21646	 143.54345	 296.04019
 539	1	 221.24302	 110.06447	 60.85469
 540	1	 178.60942	 127.57502	 181.70604
 541	1	 267.14238	 87.94267	 89.63080
 542	1	 20.08322	 4.62537	 77.97010
 543	1	 303.38887	 37.04413	 119.12704
 544	1	 2.70916	 130.22611	 88.84874
 545	1	 132.16338	 118.28860	 108.44151
 546	1	 214.16803	 126.56314	 253.22004
 547	1	 89.62100	 90.78288	 317.59198
 548	1	 356.54526	 37.67735	 181.25718
 549	1	 151.39821	 55.89370	 257.24999
 550	1	 110.36982	 178.45825	 32.20667
 551	1	 0.75706	 135.64043	 262.99932
 552	1	 235.94520	 144.75120	 28.99232
 553	1	 217.39254	 114.30566	 249.11465
 554	1	 175.04530	 43.99878	 270.10374
 555	1	 91.06663	 149.52623	 306.06332
 556	1	 314.68617	 67.46321	 64.54099
 557	1	 183.95838	 46.34485	 263.63747
 558	1	 178.49017	 45.14930	 92.39796
 559	1	 50.41904	 78.69113	 212.00681
 560	1	 59.30927	 146.69429	 113.96909
 561	1	 178.80204	 37.90689	 275.90123
 562	1	 33.28653	 0.73377	 240.62691
 563	1	 182.54679	 45.83424	 264.77137
 564	1	 267.75888	 88.48610	 322.89711
 565	1	 234.28085	 143.80629	 116.73580
 566	1	 179.33773	 131.58000	 97.58923
 567	1	 267.52030	 91.75830	 220.39910
 568	1	 177.29372	 43.75059	 182.67663
 569	1	 137.07835	 59.71095	 150.09758
 570	1	 321.83106	 68.14050	 150.90821
 571	1	 149.97018	 58.90998	 163.97788
 572	1	 24.29650	 120.05126	 74.17179
 573	1	 348.26655	 134.34500	 181.78319
 574	1	 137.87701	 109.75146	 26.17716
 575	1	 297.36697	 30.74968	 24.52721
 576	1	 317.50380	 0.09539	 37.99268
 577	1	 354.71137	 44.30878	 192.50643
 578	1	 264.77524	 35.09801	 226.18125
 579	1	 177.87554	 42.35913	 177.72800
 580	1	 265.30804	 150.72987	 222.05636
 581	1	 4.55729	 47.60457	 1.66225
 582	1	 89.48598	 89.91039	 44.63096
 583	1	 5.73925	 127.99020	 0.73576
 584	1	 96.28683	 84.40829	 267.61460
 585	1	 264.96896	 89.61916	 227.60167
 586	1	 19.96893	 173.32358	 24.71220
 587	1	 229.81104	 106.61442	 59.77349
 588	1	 4.95700	 174.19936	 275.68402
 589	1	 300.13659	 37.43376	 110.93309
 590	1	 124.46335	 143.58735	 72.29630
 591	1	 4.50036	 128.74547	 178.14698
 592	1	 88.89276	 83.08479	 224.80796
 593	1	 36.02541	 109.22575	 242.58589
 594	1	 273.43196	 89.80691	 316.84027
 595	1	 182.45884	 46.74957	 2.59800
 596	1	 2.41135	 39.88245	 88.32026
 597	1	 158.23553	 52.48277	 341.41083
 598	1	 154.68850	 54.30004	 76.59330
 599	1	 183.36223	 45.43467	 270.57149
 600	1	 90.97019	 152.90945	 318.86207
 601	1	 359.03733	 44.06476	 359.84089
 602	1	 203.97148	 4.29602	 248.46359
 603	1	 57.99843	 147.09196	 32.68866
 604	1	 22.75414	 120.65944	 343.39734
 605	1	 320.57805	 116.17737	 204.72850
 606	1	 302.83699	 37.19092	 22.80129
 607	1	 324.19906	 67.43700	 64.52389
 608	1	 235.03818	 142.94685	 291.04366
 609	1	 26.11442	 122.77422	 68.11667
 610	1	 330.73976	 124.66918	 105.05027
 611	1	 147.97886	 63.44007	 68.07525
 612	1	 180.39775	 49.30069	 87.25524
 613	1	 335.09527	 177.27144	 337.09767
 614	1	 85.74243	 36.01185	 222.82135
 615	1	 357.83610	 51.84441	 177.57223
 616	1	 33.08405	 62.48064	 27.00123
 617	1	 178.97637	 133.88985	 181.67305
 618	1	 185.47592	 43.42218	 353.73523
 619	1	 88.91009	 30.43774	 49.43367
 620	1	 145.82868	 171.05163	 321.98363
 621	1	 176.55765	 45.63427	 182.10550
 622	1	 0.05642	 127.84684	 89.20107
 623	1	 2.61989	 142.46937	 176.98940
 624	1	 57.60199	 145.88661	 296.56957
 625	1	 94.27948	 92.46148	 134.56052
 626	1	 358.46820	 130.93601	 181.24279
 627	1	 257.44191	 178.68327	 342.73232
 628	1	 215.62132	 72.00912	 206.17415
 629	1	 89.68276	 93.24695	 46.89638
 630	1	 12.81465	 133.92582	 87.84966
 631	1	 267.59143	 90.47725	 219.89027
 632	1	 145.70515	 108.04795	 118.31131
 633	1	 180.63356	 46.32676	 359.23967
 634	1	 273.37672	 46.92858	 319.58639
 635	1	 290.39478	 0.45084	 161.75753
 636	1	 46.95274	 2.26557	 53.88284
 637	1	 177.26081	 42.06481	 2.92146
 638	1	 40.69322	 116.06582	 335.17475
 639	1	 130.55295	 173.58010	 126.59886
 640	1	 320.75833	 72.57372	 238.18087
 641	1	 359.99904	 90.80967	 356.35511
 642	1	 94.64723	 152.83395	 42.24063
 643	1	 22.50354	 118.58692	 72.23945
 644	1	 266.69882	 89.02477	 314.86473
 645	1	 355.17259	 139.54972	 356.32200
 646	1	 356.31228	 48.43309	 0.55885
 647	1	 359.71111	 45.09897	 184.31169
 648	1	 144.87091	 179.69385	 64.08629
 649	1	 29.01824	 120.40115	 254.93203
 650	1	 121.67332	 140.56525	 157.15012
 651	1	 306.27177	 72.56610	 322.15961
 652	1	 89.52243	 142.21446	 45.70187
 653	1	 262.75431	 1.80251	 3.74422
 654	1	 183.63172	 138.04805	 176.97157
 655	1	 358.31220	 46.81560	 265.57839
 656	1	 154.16403	 58.05165	 158.60590
 657	1	 306.85174	 3.98969	 317.17183
 658	1	 175.04300	 129.68825	 179.35213
 659	1	 88.76454	 89.80794	 137.47479
 660	1	 315.08551	 175.71947	 35.56281
 661	1	 31.77706	 119.67629	 346.08709
 662	1	 335.80334	 125.52390	 197.36619
 663	1	 41.06886	 111.81645	 330.89135
 664	1	 331.90723	 128.47316	 112.60432
 665	1	 92.43495	 32.04213	 130.64674
 666	1	 188.41782	 129.75288	 268.83253
 667	1	 92.30338	 91.38243	 308.21130
 668	1	 5.99105	 136.18699	 95.16308
 669	1	 324.25545	 111.64891	 26.29404
 670	1	 264.93343	 85.37256	 132.90182
 671	1	 25.27560	 57.13719	 288.52550
 672	1	 126.58900	 112.45314	 124.12036
 673	1	 226.53078	 66.02087	 115.19149
 674	1	 2.91165	 40.82496	 86.54618
 675	1	 341.26239	 2.69788	 25.32600
 676	1	 92.44544	 97.24362	 91.83452
 677	1	 181.35493	 44.00427	 271.47130
 678	1	 320.37199	 117.06190	 29.00318
 679	1	 173.54726	 130.32138	 88.21075
 680	1	 182.97906	 137.47342	 267.95550
 681	1	 58.70776	 35.04947	 242.73699
 682	1	 3.34656	 39.85787	 180.90692
 683	1	 90.51974	 32.89309	 44.56685
 684	1	 183.57535	 134.16081	 94.93028
 685	1	 3.46958	 134.20547	 93.54024
 686	1	 272.18905	 91.74597	 227.01503
 687	1	 180.38434	 52.52866	 269.10181
 688	1	 93.86187	 83.86769	 221.63071
 689	1	 268.23548	 89.03664	 132.44920
 690	1	 273.39815	 34.07011	 306.95811
 691	1	 0.53948	 131.13166	 182.93128
 692	1	 314.19271	 69.84533	 157.03761
 693	1	 357.77240	 133.40698	 179.07579
 694	1	 4.68522	 46.98745	 269.26360
 695	1	 184.63992	 136.36221	 265.77633
 696	1	 183.85410	 46.59585	 358.34810
 697	1	 354.75889	 51.69849	 89.03601
 698	1	 0.77219	 43.22405	 356.86235
 699	1	 308.05572	 109.33141	 302.14132
 700	1	 26.05475	 130.89473	 248.23644
 701	1	 322.38575	 114.46745	 295.05313
 702	1	 142.47862	 115.46101	 120.96455
 703	1	 356.34427	 135.64208	 175.45126
 704	1	 178.29260	 90.66361	 3.00977
 705	1	 268.63638	 93.34987	 308.15301
 706	1	 356.53559	 126.34781	 3.74502
 707	1	 15.08257	 11.59161	 75.02543
 708	1	 307.16854	 74.82764	 232.97958
 709	1	 287.22806	 1.07890	 347.54613
 710	1	 271.98059	 39.69049	 42.18246
 711	1	 4.12772	 98.33511	 93.79483
 712	1	 179.08672	 87.46354	 358.04649
 713	1	 60.33178	 38.83413	 245.39516
 714	1	 93.18923	 89.21633	 265.60229
 715	1	 3.39625	 49.28657	 359.52661
 716	1	 85.88005	 144.84050	 44.91655
 717	1	 352.31809	 47.38031	 82.06221
 718	1	 359.66968	 135.32297	 270.51578
 719	1	 90.93339	 146.16899	 49.64346
 720	1	 273.30239	 90.39742	 138.95241
 721	1	 184.51524	 140.58070	 89.48526
 722	1	 183.15692	 46.29617	 183.04550
 723	1	 342.78407	 4.77448	 291.08770
 724	1	 217.05293	 68.22294	 290.57242
 725	1	 77.15746	 0.17724	 93.70543
 726	1	 179.52866	 47.48388	 2.10146
 727	1	 220.00017	 116.53402	 241.51838
 728	1	 141.54981	 108.47566	 208.68982
 729	1	 215.73466	 65.57092	 116.22456
 730	1	 183.11991	 84.59518	 270.21950
 731	1	 239.84936	 106.04233	 243.93064
 732	1	 267.58515	 145.57160	 221.78991
 733	1	 176.77732	 132.54331	 358.47368
 734	1	 92.41094	 142.70863	 309.96733
 735	1	 305.39854	 105.09285	 36.82821
 736	1	 229.64040	 100.83927	 143.59786
 737	1	 359.26447	 4.82882	 4.01802
 738	1	 138.10885	 66.72250	 148.01944
 739	1	 355.20760	 0.93584	 356.29951
 740	1	 337.65157	 123.76920	 15.12455
 741	1	 176.11985	 136.13800	 353.41427
 742	1	 86.09437	 87.51225	 3.79410
 743	1	 34.52101	 114.00167	 156.10246
 744	1	 181.24980	 43.46083	 89.76606
 745	1	 81.66841	 89.71037	 171.81584
 746	1	 63.00122	 38.37628	 59.99520
 747	1	 122.16040	 68.74121	 242.42503
 748	1	 184.12922	 137.20865	 93.28045
 749	1	 175.76204	 40.25900	 263.81703
 750	1	 40.28919	 68.34491	 292.59721
 751	1	 125.08650	 72.02514	 240.71842
 752	1	 168.26483	 2.35297	 5.95290
 753	1	 310.00063	 107.16599	 31.80038
 754	1	 143.09057	 61.21763	 61.53240
 755	1	 271.32326	 90.69504	 46.21737
 756	1	 76.88723	 4.67427	 204.54955
 757	1	 299.65251	 0.02822	 232.75654
 758	1	 93.88788	 85.46030	 230.97522
 759	1	 139.05469	 112.16252	 209.14682
 760	1	 35.68550	 64.97516	 24.79417
 761	1	 176.02337	 132.94972	 274.47435
 762	1	 277.23178	 40.91764	 139.16883
 763	1	 91.13476	 91.35640	 317.67126
 764	1	 358.20865	 134.74878	 183.74356
 765	1	 32.56872	 63.96734	 292.72978
 766	1	 131.46690	 73.66419	 53.51596
 767	1	 242.88079	 143.16166	 124.91341
 768	1	 176.75037	 135.90346	 264.77410
 769	1	 305.77390	 34.13519	 206.36443
 770	1	 204.95125	 61.34732	 196.78087
 771	1	 266.25791	 90.66735	 310.90116
 772	1	 310.70195	 104.58249	 296.73318
 773	1	 7.24082	 36.14195	 89.58266
 774	1	 0.97810	 94.05061	 355.16612
 775	1	 210.06501	 0.10785	 141.00706
 776	1	 353.88430	 45.97771	 357.24597
 777	1	 271.67978	 86.80103	 316.26973
 778	1	 268.27459	 34.50195	 313.51407
 779	1	 234.28520	 103.83459	 52.99091
 780	1	 286.78215	 176.69267	 21.10324
 781	1	 353.20673	 44.84903	 358.37489
 782	1	 132.35488	 72.60246	 325.96180
 783	1	 272.37131	 87.55369	 141.35010
 784	1	 90.89910	 140.12798	 226.54179
 785	1	 265.46082	 94.31305	 316.98539
 786	1	 266.21811	 84.33304	 228.17741
 787	1	 219.97710	 115.32765	 69.52965
 788	1	 263.85440	 39.15786	 43.78411
 789	1	 269.07896	 141.26820	 43.66908
 790	1	 118.28686	 142.76934	 241.66985
 791	1	 160.92859	 177.73017	 69.29024
 792	1	 317.71773	 77.71512	 239.19583
 793	1	 179.47760	 134.88541	 262.38911
 794	1	 206.65204	 54.02329	 284.46281
 795	1	 299.58908	 34.61145	 112.17708
 796	1	 201.47793	 178.52537	 14.55113
 797	1	 99.10873	 88.05397	 83.95893
 798	1	 181.26020	 139.52235	 87.31952
 799	1	 98.12172	 87.42508	 312.96082
 800	1	 25.38908	 120.03787	 342.84562
 801	1	 178.40531	 132.55636	 359.88917
 802	1	 90.64376	 141.92995	 38.44025
 803	1	 322.62328	 64.72780	 60.28244
 804	1	 306.88937	 106.96493	 306.32662
 805	1	 182.34694	 132.04363	 179.61968
 806	1	 0.39251	 129.82407	 3.57021
 807	1	 256.54962	 178.86510	 169.52685
 808	1	 180.39678	 44.76423	 182.38582
 809	1	 210.85573	 3.51695	 66.56836
 810	1	 123.52726	 109.58661	 307.56295
 811	1	 174.43485	 41.20936	 2.76360
 812	1	 273.91991	 89.62106	 2.68446
 813	1	 296.88961	 1.71627	 250.05543
 814	1	 126.53887	 106.93959	 220.91812
 815	1	 0.40895	 133.21747	 4.75901
 816	1	 40.16008	 0.00482	 226.88547
 817	1	 358.34439	 47.17178	 88.42277
 818	1	 183.05360	 137.71594	 273.73201
 819	1	 0.84423	 133.61458	 180.50114
 820	1	 179.41327	 39.65287	 358.67560
 821	1	 99.24633	 138.50111	 134.71224
 822	1	 92.37582	 92.02872	 221.59269
 823	1	 220.46561	 110.68848	 154.40060
 824	1	 63.41339	 37.52346	 60.53000
 825	1	 35.29435	 58.92802	 291.76886
 826	1	 178.63463	 47.65117	 272.72873
 827	1	 179.77809	 52.46505	 270.39761
 828	1	 206.03999	 124.82684	 166.63420
 829	1	 269.95054	 31.67648	 38.22235
 830	1	 180.08025	 141.59544	 6.46440
 831	1	 183.35682	 140.68209	 177.59576
 832	1	 1.75215	 138.22485	 269.78451
 833	1	 128.52242	 108.26633	 129.39763
 834	1	 358.30164	 42.03851	 357.63164
 835	1	 168.44815	 1.55738	 282.79978
 836	1	 260.76474	 178.08853	 77.45651
 837	1	 40.14491	 68.30786	 32.90402
 838	1	 181.66653	 51.38839	 265.62593
 839	1	 4.15119	 134.89975	 175.88830
 840	1	 267.57603	 96.13790	 6.33248
 841	1	 317.23223	 108.01762	 115.04253
 842	1	 127.72509	 74.10408	 238.17618
 843	1	 182.18410	 139.88286	 5.86243
 844	1	 86.09504	 93.14855	 226.06609
 845	1	 152.35426	 62.42118	 161.76480
 846	1	 91.25155	 90.73805	 175.77068
 847	1	 46.77876	 4.35205	 44.56894
 848	1	 44.60653	 110.41008	 152.43659
 849	1	 85.46797	 32.33918	 218.52211
 850	1	 84.01584	 90.90615	 85.18417
 851	1	 184.62141	 40.85162	 89.62337
 852	1	 231.91360	 3.85332	 302.83949
 853	1	 268.36441	 147.87365	 225.75250
 854	1	 151.83220	 55.89956	 246.71888
 855	1	 155.75280	 1.35862	 112.27940
 856	1	 292.95218	 32.41576	 299.34323
 857	1	 267.13375	 90.76599	 318.88354
 858	1	 85.43534	 32.50084	 49.13692
 859	1	 204.17974	 179.68199	 105.75089
 860	1	 104.11007	 6.03648	 350.67744
 861	1	 240.55472	 38.53075	 331.64031
 862	1	 213.17454	 117.00009	 67.52745
 863	1	 185.93127	 135.05147	 88.87277
 864	1	 354.78395	 43.43097	 179.68624
 865	1	 231.87302	 5.80410	 32.29458
 866	1	 234.04986	 175.44297	 138.48055
 867	1	 270.94107	 34.48093	 132.91894
 868	1	 178.86617	 54.43659	 186.31980
 869	1	 181.94620	 82.16859	 90.85948
 870	1	 356.04913	 134.24328	 180.12368
 871	1	 134.80111	 117.69238	 300.67922
 872	1	 92.64439	 85.19740	 53.96896
 873	1	 278.99723	 140.95865	 43.56896
 874	1	 0.99522	 40.77114	 88.38568
 875	1	 90.54271	 145.00530	 223.70373
 876	1	 25.93995	 63.70659	 203.58357
 877	1	 267.24191	 89.32157	 312.94536
 878	1	 124.08114	 146.57356	 157.01874
 879	1	 142.30375	 67.65543	 327.76939
 880	1	 297.14792	 0.58902	 242.45117
 881	1	 274.37016	 95.64663	 46.34181
 882	1	 179.61615	 7.86498	 0.98028
 883	1	 172.84923	 40.31116	 271.74671
 884	1	 136.19784	 112.92926	 118.97977
 885	1	 273.75532	 89.13385	 130.47768
 886	1	 183.78916	 137.62477	 2.32873
 887	1	 359.16191	 32.40226	 3.29929
 888	1	 38.05209	 71.71923	 204.56609
 889	1	 240.38931	 38.11671	 336.20248
 890	1	 57.60336	 138.98979	 295.76866
 891	1	 85.23214	 88.69595	 6.60807
 892	1	 3.37681	 129.76821	 269.56495
 893	1	 220.57963	 116.10108	 65.33967
 894	1	 229.49643	 110.64059	 145.26116
 895	1	 174.03143	 51.79105	 180.27842
 896	1	 345.42605	 179.92931	 71.41107
 897	1	 219.47643	 67.79674	 210.49687
 898	1	 53.51996	 175.79601	 139.01262
 899	1	 282.59329	 1.22495	 342.13060
 900	1	 92.22675	 84.91899	 44.34491
 901	1	 8.31990	 47.24611	 268.70072
 902	1	 68.05469	 177.39633	 255.17153
 903	1	 102.77933	 1.45259	 250.58483
 904	1	 133.95035	 2.74399	 40.88565
 905	1	 358.45404	 135.92793	 89.58297
 906	1	 0.48501	 134.52077	 177.65915
 907	1	 130.42421	 2.98526	 41.05150
 908	1	 131.71988	 105.00779	 211.50288
 909	1	 0.82736	 84.12042	 91.77731
 910	1	 212.74433	 3.55406	 52.51874
 911	1	 309.52426	 73.25649	 52.89722
 912	1	 52.35160	 74.24727	 213.10679
 913	1	 183.42952	 133.51742	 355.29234
 914	1	 179.32727	 41.52864	 188.22759
 915	1	 25.88305	 55.35507	 109.37964
 916	1	 144.30976	 1.17882	 306.42397
 917	1	 138.95701	 66.58230	 240.83899
 918	1	 315.14879	 179.53639	 49.23469
 919	1	 94.12990	 90.10991	 317.73555
 920	1	 89.10209	 88.42360	 131.42128
 921	1	 87.47828	 92.01225	 354.27983
 922	1	 2.46815	 93.22189	 4.12937
 923	1	 176.84204	 137.94612	 271.74097
 924	1	 49.49303	 71.26440	 124.54352
 925	1	 270.36106	 88.92184	 54.96157
 926	1	 1.40224	 41.16876	 177.50244
 927	1	 87.44833	 88.63919	 135.25218
 928	1	 179.16014	 39.90827	 264.48567
 929	1	 145.12799	 62.11253	 59.52232
 930	1	 359.32337	 130.38983	 359.04946
 931	1	 93.53301	 90.54489	 4.57289
 932	1	 88.04684	 88.31661	 224.77814
 933	1	 27.93426	 64.00564	 290.28936
 934	1	 90.15095	 82.18919	 132.16670
 935	1	 268.94830	 90.38220	 316.87451
 936	1	 355.50734	 45.63907	 170.25437
 937	1	 36.31177	 66.35905	 216.44813
 938	1	 53.51572	 82.19850	 304.34712
 939	1	 315.79237	 118.11882	 203.66736
 940	1	 40.76695	 65.52915	 31.63854
 941	1	 234.30231	 107.43606	 148.46668
 942	1	 216.49015	 173.47343	 216.25077
 943	1	 59.85470	 138.38075	 201.48748
 944	1	 184.12576	 135.06596	 0.05326
 945	1	 270.06444	 103.28666	 45.72817
 946	1	 73.80918	 176.94732	 261.71138
 947	1	 238.48150	 145.31138	 26.78662
 948	1	 187.57420	 136.28598	 272.40357
 949	1	 218.15094	 69.47581	 291.66457
 950	1	 357.62045	 134.27845	 85.76877
 951	1	 7.70202	 129.80993	 265.27105
 952	1	 3.40621	 94.23517	 85.77736
 953	1	 310.24912	 103.13208	 124.16244
 954	1	 272.77919	 36.94586	 311.57475
 955	1	 178.67101	 130.42677	 178.08571
 956	1	 88.99479	 88.49102	 40.99245
 957	1	 268.00699	 94.05108	 181.29097
 958	1	 88.99044	 84.84924	 46.23493
 959	1	 41.13518	 72.56559	 204.46438
 960	1	 4.04543	 37.80867	 173.74866
 961	1	 1.92020	 50.56598	 265.86769
 962	1	 4.92365	 41.06916	 272.38873
 963	1	 172.26768	 143.09789	 272.67338
 964	1	 4.90773	 137.26652	 267.05587
 965	1	 3.82426	 90.54955	 182.36126
 966	1	 141.27308	 72.62264	 250.89546
 967	1	 179.34969	 51.86015	 184.00441
 968	1	 1.28906	 38.00789	 271.55258
 969	1	 216.80039	 67.58560	 120.04507
 970	1	 88.39805	 88.47778	 94.04367
 971	1	 138.83826	 117.55766	 207.83415
 972	1	 63.99721	 44.33340	 156.66357
 973	1	 179.71962	 132.66223	 267.73859
 974	1	 61.54397	 143.19198	 20.54559
 975	1	 86.77697	 85.68011	 135.33461
 976	1	 157.21816	 176.28397	 338.86593
 977	1	 248.35312	 0.77132	 103.36645
 978	1	 263.59180	 147.20337	 307.62239
 979	1	 326.62432	 0.70326	 310.84043
 980	1	 215.77561	 59.47727	 207.08811
 981	1	 270.64200	 89.44880	 180.23730
 982	1	 282.49910	 6.17999	 157.75055
 983	1	 268.66095	 95.53547	 134.16109
 984	1	 188.64156	 49.32232	 355.50672
 985	1	 203.26896	 0.15821	 335.30939
 986	1	 176.86134	 47.51078	 263.47284
 987	1	 319.65586	 60.48706	 242.82890
 988	1	 175.22507	 128.94784	 1.33067
 989	1	 25.68204	 119.79333	 70.09099
 990	1	 267.11100	 100.49599	 139.65399
 991	1	 96.68113	 95.11795	 95.77086
 992	1	 89.81388	 146.28109	 313.85141
 993	1	 266.56427	 1.37414	 94.48790
 994	1	 359.35455	 44.92675	 94.28069
 995	1	 356.54093	 131.62566	 95.92516
 996	1	 57.76144	 146.45702	 294.14533
 997	1	 321.39094	 61.54087	 56.39573
 998	1	 140.81230	 116.65595	 111.43626
 999	1	 229.44992	 106.94987	 328.15286
1000	1	 185.31656	 131.57620	 177.64864
