   1	1	 309.98021	 1.21379	 229.08796
   2	1	 317.55222	 1.39400	 311.19294
   3	1	 300.57394	 31.55451	 19.87102
   4	1	 2.31111	 177.93024	 1.70909
   5	1	 306.19106	 105.65815	 33.04442
   6	1	 240.35150	 148.20673	 25.56920
   7	1	 149.49707	 53.23886	 160.35173
   8	1	 52.60623	 74.86336	 3.58204
   9	1	 273.01929	 144.02972	 224.35608
  10	1	 58.99022	 38.27449	 244.43547
  11	1	 335.02733	 2.65022	 289.27885
  12	1	 326.03502	 65.01698	 65.40697
  13	1	 172.43869	 131.02243	 142.42782
  14	1	 37.20821	 58.48361	 58.62878
  15	1	 335.52321	 122.65255	 20.64667
  16	1	 271.09660	 93.12974	 88.03647
  17	1	 306.38577	 72.75890	 56.80833
  18	1	 252.35471	 162.27500	 109.16795
  19	1	 101.42809	 127.11210	 148.69255
  20	1	 257.94114	 2.22470	 193.90626
  21	1	 271.26851	 35.04301	 224.42691
  22	1	 208.80115	 124.12075	 339.39434
  23	1	 129.23762	 73.90672	 52.36087
  24	1	 125.70774	 3.20007	 325.96489
  25	1	 56.75231	 144.13981	 29.69072
  26	1	 282.78457	 5.65160	 57.56209
  27	1	 205.19969	 177.64035	 30.36514
  28	1	 223.89739	 114.28858	 258.18871
  29	1	 23.59800	 52.30288	 17.60390
  30	1	 89.02417	 149.62332	 137.19226
  31	1	 293.21408	 59.18612	 17.27035
  32	1	 41.65262	 59.46698	 59.48634
  33	1	 218.55431	 69.74822	 115.14349
  34	1	 269.75707	 39.74217	 225.18054
  35	1	 127.65448	 76.33950	 150.31653
  36	1	 144.20724	 24.82239	 76.03258
  37	1	 307.56673	 73.78859	 323.37908
  38	1	 266.49881	 142.44074	 225.11764
  39	1	 125.40313	 106.52312	 36.05384
  40	1	 154.32496	 160.41251	 273.37970
  41	1	 94.49419	 137.27737	 47.04708
  42	1	 25.69311	 69.68610	 97.04106
  43	1	 348.36226	 51.88752	 92.12474
  44	1	 122.55516	 148.76134	 65.29449
  45	1	 207.56071	 124.39990	 340.66195
  46	1	 273.37556	 144.81793	 132.48235
  47	1	 33.53170	 53.61433	 231.78512
  48	1	 191.79055	 1.58551	 76.53019
  49	1	 146.77947	 97.74335	 92.78247
  50	1	 39.29132	 114.28394	 244.48642
  51	1	 93.79148	 144.15809	 311.95663
  52	1	 311.61013	 17.43820	 3.86220
  53	1	 56.98214	 36.78270	 237.95381
  54	1	 156.52198	 56.19413	 344.48346
  55	1	 205.86210	 61.37422	 112.22498
  56	1	 143.81203	 107.99135	 208.15054
  57	1	 56.35893	 77.53810	 125.20727
  58	1	 52.67232	 79.92694	 304.82664
  59	1	 39.20351	 65.02727	 26.44402
  60	1	 237.72646	 144.63575	 295.30330
  61	1	 206.79724	 122.50290	 164.35522
  62	1	 300.64724	 33.59406	 299.16978
  63	1	 32.84567	 124.40157	 71.03818
  64	1	 220.12755	 63.03923	 18.80661
  65	1	 315.26400	 56.71377	 114.12393
  66	1	 302.50004	 37.86403	 15.86613
  67	1	 81.81922	 122.89802	 148.35359
  68	1	 78.59998	 12.23175	 359.67753
  69	1	 285.21872	 90.13930	 341.84919
  70	1	 10.97682	 100.77606	 33.30593
  71	1	 301.32793	 35.82408	 205.37369
  72	1	 208.40014	 57.57920	 197.10471
  73	1	 94.37503	 0.67464	 85.96943
  74	1	 88.63628	 149.23762	 133.20475
  75	1	 189.74655	 110.56169	 14.54700
  76	1	 112.05842	 142.52803	 235.47112
  77	1	 211.87748	 53.19103	 30.38478
  78	1	 304.76455	 107.11547	 123.59840
  79	1	 318.33672	 64.23720	 332.84951
  80	1	 100.19320	 179.80545	 191.92251
  81	1	 288.93560	 176.01931	 19.60517
  82	1	 231.27261	 104.42680	 237.44312
  83	1	 95.51973	 26.00843	 128.60098
  84	1	 28.05291	 57.02674	 196.51594
  85	1	 120.46905	 143.92939	 65.18687
  86	1	 23.92097	 58.34269	 286.90160
  87	1	 295.13307	 4.44217	 27.03895
  88	1	 107.29319	 60.10764	 167.09965
  89	1	 118.36387	 143.36832	 249.68234
  90	1	 155.81291	 57.64765	 250.80130
  91	1	 46.50624	 77.25843	 121.11601
  92	1	 60.40623	 33.55412	 154.43509
  93	1	 310.24155	 106.31588	 203.65852
  94	1	 330.04563	 124.51690	 200.96109
  95	1	 25.69278	 57.19374	 108.68394
  96	1	 266.08084	 36.48707	 128.48768
  97	1	 308.77683	 75.69379	 147.35937
  98	1	 29.41732	 56.37954	 289.15206
  99	1	 156.16906	 2.01228	 137.83013
 100	1	 331.34182	 118.81517	 21.58847
 101	1	 21.52066	 177.66717	 111.90580
 102	1	 91.85011	 31.63450	 42.75041
 103	1	 24.89434	 123.33131	 74.45273
 104	1	 94.84463	 3.63756	 108.45542
 105	1	 211.08296	 20.21125	 270.75429
 106	1	 183.67232	 2.48069	 67.99984
 107	1	 302.44793	 38.82442	 115.52854
 108	1	 298.29991	 4.56500	 60.43314
 109	1	 255.83619	 116.97130	 91.00929
 110	1	 73.66293	 152.97743	 228.97306
 111	1	 188.75241	 151.79377	 126.58373
 112	1	 269.25454	 91.86190	 2.77753
 113	1	 77.08276	 1.72376	 191.10597
 114	1	 329.13382	 126.23618	 20.12452
 115	1	 206.32604	 1.08713	 336.19803
 116	1	 129.46714	 73.37875	 149.01636
 117	1	 311.88852	 41.28578	 280.85763
 118	1	 24.53927	 117.36477	 161.17022
 119	1	 7.81682	 174.24399	 289.08448
 120	1	 30.02320	 64.44199	 22.02704
 121	1	 182.13389	 7.94474	 101.23615
 122	1	 128.76841	 103.90247	 213.73618
 123	1	 278.68728	 23.85066	 352.39288
 124	1	 180.99440	 86.49433	 92.94207
 125	1	 335.71041	 116.39610	 14.70173
 126	1	 276.07244	 46.62792	 69.27940
 127	1	 269.14305	 135.33550	 316.53135
 128	1	 306.09242	 101.58666	 33.72901
 129	1	 2.22494	 34.06957	 344.28857
 130	1	 45.60478	 2.50438	 223.46663
 131	1	 277.37576	 149.68294	 283.68044
 132	1	 122.06523	 145.00034	 335.89836
 133	1	 236.60985	 30.42344	 241.53288
 134	1	 88.57728	 89.44604	 177.93469
 135	1	 202.85921	 55.78293	 200.78809
 136	1	 40.71304	 60.92099	 211.36343
 137	1	 22.88474	 1.44902	 251.57427
 138	1	 51.91882	 70.26416	 301.77622
 139	1	 182.44774	 88.91371	 359.88188
 140	1	 125.77010	 111.29122	 298.92394
 141	1	 209.07826	 59.80359	 17.72405
 142	1	 69.80598	 5.70006	 288.94694
 143	1	 265.94325	 92.41297	 270.16817
 144	1	 126.56433	 103.42440	 120.89263
 145	1	 271.56009	 87.81594	 91.41426
 146	1	 31.43392	 51.73224	 282.92779
 147	1	 85.76023	 147.63114	 309.76295
 148	1	 239.15927	 33.44984	 332.34507
 149	1	 153.42425	 88.72898	 191.99082
 150	1	 201.69129	 118.36478	 341.73436
 151	1	 92.33984	 43.05429	 47.10447
 152	1	 26.24275	 9.84267	 163.66466
 153	1	 97.76731	 177.29761	 0.35126
 154	1	 216.96986	 22.50221	 333.41575
 155	1	 320.05404	 112.85718	 299.97439
 156	1	 276.19314	 146.59046	 4.49075
 157	1	 147.34057	 58.94927	 70.03780
 158	1	 261.24115	 159.24955	 242.45079
 159	1	 39.78605	 69.42124	 293.66480
 160	1	 2.99070	 134.38262	 44.90605
 161	1	 133.98531	 160.63870	 248.20060
 162	1	 216.09591	 58.65552	 105.50691
 163	1	 142.25829	 120.43698	 291.02010
 164	1	 259.62878	 41.71298	 43.20222
 165	1	 125.47973	 79.83598	 239.28495
 166	1	 158.61580	 10.38149	 263.44194
 167	1	 36.65941	 116.14080	 63.87360
 168	1	 244.56717	 35.68391	 62.39604
 169	1	 270.02616	 88.23692	 176.11950
 170	1	 328.81597	 51.83801	 347.30757
 171	1	 325.05857	 68.13892	 249.37257
 172	1	 1.32323	 89.59038	 359.49391
 173	1	 237.18413	 101.38238	 144.11914
 174	1	 271.24180	 89.56322	 179.50891
 175	1	 23.35582	 55.27643	 107.40405
 176	1	 30.62481	 56.06415	 107.47496
 177	1	 128.86722	 73.45190	 56.52503
 178	1	 308.98704	 72.18776	 242.32226
 179	1	 238.15071	 35.19667	 58.90422
 180	1	 215.01097	 68.34807	 211.10537
 181	1	 55.92965	 69.89696	 119.63330
 182	1	 202.60691	 119.47700	 72.18449
 183	1	 346.12937	 1.69052	 100.54227
 184	1	 240.15712	 134.31359	 204.84661
 185	1	 133.15465	 65.37330	 328.42093
 186	1	 0.41880	 87.98031	 180.04376
 187	1	 177.12112	 88.29596	 178.63320
 188	1	 238.85440	 145.10863	 303.12432
 189	1	 2.60127	 88.96798	 268.27210
 190	1	 252.55006	 0.39357	 287.42271
 191	1	 300.75091	 38.86477	 117.23460
 192	1	 182.81816	 89.15030	 94.41811
 193	1	 4.22206	 92.29243	 92.10868
 194	1	 26.28375	 129.98299	 157.09713
 195	1	 56.38543	 21.17383	 96.63734
 196	1	 205.89089	 53.13827	 17.48491
 197	1	 71.00646	 150.48293	 225.56492
 198	1	 58.95563	 32.93318	 64.04054
 199	1	 102.21228	 83.91784	 40.84828
 200	1	 35.50309	 111.93774	 336.16535
 201	1	 269.94379	 89.99936	 91.31436
 202	1	 122.87210	 84.49843	 111.68457
 203	1	 349.57496	 12.28295	 322.24545
 204	1	 224.41164	 63.17025	 114.47656
 205	1	 89.86216	 91.81287	 88.63346
 206	1	 256.05695	 176.23572	 255.60577
 207	1	 179.50615	 91.66031	 272.60874
 208	1	 332.89013	 1.61921	 297.66357
 209	1	 344.22967	 2.62568	 200.56004
 210	1	 303.81661	 69.60007	 143.30908
 211	1	 326.37517	 65.27284	 151.13901
 212	1	 35.25498	 1.36735	 233.62660
 213	1	 320.75066	 68.20808	 61.52925
 214	1	 206.67372	 59.57093	 113.40185
 215	1	 87.48350	 161.46148	 33.49430
 216	1	 58.71175	 37.60487	 60.54919
 217	1	 238.08709	 13.35671	 111.12771
 218	1	 170.62808	 115.73170	 83.17246
 219	1	 88.57675	 146.65908	 315.66847
 220	1	 82.32699	 149.61903	 235.51870
 221	1	 240.21506	 142.36816	 26.29602
 222	1	 315.05362	 65.51866	 61.17878
 223	1	 358.15725	 41.46393	 273.96052
 224	1	 192.83947	 27.85608	 287.65666
 225	1	 123.30995	 71.26639	 146.82423
 226	1	 212.33890	 108.32342	 149.68600
 227	1	 55.84484	 143.07697	 209.96828
 228	1	 73.32506	 163.24351	 12.70291
 229	1	 127.42369	 147.21496	 243.13513
 230	1	 22.26714	 177.04651	 107.54643
 231	1	 236.25864	 139.83598	 29.64826
 232	1	 321.13488	 112.64250	 208.14726
 233	1	 305.18009	 37.20800	 114.36687
 234	1	 211.41694	 126.33054	 341.17297
 235	1	 239.16193	 31.45761	 246.19450
 236	1	 1.59210	 91.07596	 270.04565
 237	1	 57.18927	 145.47583	 294.94268
 238	1	 309.04850	 71.34534	 323.97389
 239	1	 215.63483	 68.57091	 22.91205
 240	1	 322.46855	 122.61575	 295.86755
 241	1	 308.88038	 73.36199	 232.29540
 242	1	 86.40875	 1.81752	 2.57939
 243	1	 310.94462	 74.19043	 325.85909
 244	1	 205.53757	 61.92654	 22.58720
 245	1	 38.96465	 68.43076	 118.28572
 246	1	 61.60337	 0.24995	 122.36131
 247	1	 125.27411	 145.28473	 336.44487
 248	1	 120.16518	 143.83960	 155.42254
 249	1	 19.72417	 5.67696	 156.88019
 250	1	 187.02753	 27.57503	 282.32820
 251	1	 28.73926	 57.88406	 289.99737
 252	1	 50.57559	 76.92372	 127.00176
 253	1	 172.48124	 8.05555	 100.59059
 254	1	 232.12162	 179.66231	 319.88393
 255	1	 219.30717	 69.65581	 202.75411
 256	1	 74.27261	 149.76022	 291.25497
 257	1	 343.93352	 127.74755	 297.33893
 258	1	 146.73410	 87.31650	 169.10711
 259	1	 321.39150	 158.51634	 272.31143
 260	1	 316.60123	 65.81556	 62.48654
 261	1	 112.88827	 115.91316	 31.69429
 262	1	 266.26407	 90.22241	 272.40489
 263	1	 261.95295	 179.75075	 78.02038
 264	1	 118.09894	 104.97010	 305.27724
 265	1	 222.93295	 119.91689	 59.27980
 266	1	 359.08220	 87.69327	 89.92723
 267	1	 38.63094	 69.59071	 212.25289
 268	1	 31.36743	 144.20208	 8.27278
 269	1	 235.64291	 33.52677	 332.49032
 270	1	 85.01245	 127.22760	 3.00797
 271	1	 270.67884	 149.09657	 314.16767
 272	1	 182.17892	 90.26758	 89.90773
 273	1	 85.76090	 142.96025	 43.97290
 274	1	 123.71910	 179.31002	 33.11950
 275	1	 335.06246	 123.90779	 288.19406
 276	1	 93.87384	 145.98272	 133.91073
 277	1	 130.56289	 1.56248	 314.92797
 278	1	 58.44156	 139.77734	 293.34800
 279	1	 218.02713	 70.83339	 203.74767
 280	1	 336.78361	 125.47925	 110.43646
 281	1	 345.70547	 178.49489	 253.59591
 282	1	 178.30340	 2.31246	 164.47074
 283	1	 305.58142	 108.59404	 206.60366
 284	1	 208.44135	 54.90704	 105.16509
 285	1	 235.79371	 106.46956	 231.18202
 286	1	 160.23149	 60.44144	 344.31213
 287	1	 84.25876	 177.87311	 268.63043
 288	1	 123.84326	 150.43792	 147.72830
 289	1	 93.42283	 142.27238	 226.27053
 290	1	 38.69651	 63.27736	 117.41350
 291	1	 94.53332	 33.53589	 47.44059
 292	1	 205.63704	 58.00105	 197.86405
 293	1	 138.26759	 68.12269	 248.22576
 294	1	 143.27360	 106.98402	 290.17704
 295	1	 41.55882	 89.86500	 258.69357
 296	1	 128.14227	 60.53053	 186.83905
 297	1	 204.09505	 55.92755	 107.85194
 298	1	 320.85388	 119.74064	 205.35970
 299	1	 204.22226	 56.97707	 201.32146
 300	1	 113.88928	 171.07447	 179.64456
 301	1	 126.99980	 76.98598	 240.74220
 302	1	 91.56543	 93.68886	 4.93022
 303	1	 299.73279	 33.27767	 287.98968
 304	1	 231.65056	 109.27464	 58.69730
 305	1	 242.07323	 36.02991	 245.15420
 306	1	 31.44444	 178.01515	 119.14731
 307	1	 270.20680	 31.62525	 40.78462
 308	1	 328.62997	 122.39248	 111.35285
 309	1	 54.15014	 143.46582	 212.07096
 310	1	 153.29683	 16.05279	 248.66149
 311	1	 209.49810	 56.76237	 109.75362
 312	1	 97.82718	 145.23873	 221.08958
 313	1	 353.32670	 166.35455	 7.81187
 314	1	 126.73243	 140.55575	 59.74104
 315	1	 88.40975	 149.02991	 40.34658
 316	1	 232.40380	 105.63739	 141.31540
 317	1	 306.41806	 176.65869	 130.56253
 318	1	 256.80887	 176.21730	 168.74685
 319	1	 220.98262	 64.54037	 206.41705
 320	1	 182.82060	 86.15041	 178.60949
 321	1	 85.32969	 32.72854	 220.46248
 322	1	 325.41636	 112.63325	 296.08646
 323	1	 234.12352	 34.61998	 241.52057
 324	1	 314.33856	 64.29739	 332.62127
 325	1	 89.58217	 89.69101	 86.59272
 326	1	 278.55231	 152.74431	 313.48681
 327	1	 187.93980	 70.20694	 131.27953
 328	1	 178.56956	 89.63068	 272.35769
 329	1	 154.08438	 57.85851	 251.29252
 330	1	 27.59033	 123.41033	 246.05263
 331	1	 215.74387	 63.06406	 90.71751
 332	1	 324.99842	 120.69245	 113.57796
 333	1	 305.85355	 109.97750	 121.01537
 334	1	 278.31296	 179.93939	 275.64974
 335	1	 128.76846	 106.93671	 301.83354
 336	1	 59.81431	 144.44536	 203.18827
 337	1	 238.55881	 111.18863	 322.84609
 338	1	 222.98853	 108.83237	 145.85504
 339	1	 309.24355	 79.60885	 327.08441
 340	1	 358.01827	 91.31725	 180.48685
 341	1	 129.06068	 106.99135	 121.59071
 342	1	 30.33728	 46.62447	 39.79383
 343	1	 319.62216	 115.85788	 24.81764
 344	1	 267.99402	 150.30827	 309.64514
 345	1	 59.13020	 41.51908	 64.47155
 346	1	 45.41728	 110.97784	 240.66530
 347	1	 89.58490	 92.56314	 268.52464
 348	1	 28.09436	 129.12423	 251.80528
 349	1	 305.45867	 73.13562	 232.09167
 350	1	 357.98067	 89.83550	 178.02032
 351	1	 127.15273	 67.19878	 322.20049
 352	1	 216.60421	 66.34859	 112.49225
 353	1	 234.90541	 37.36471	 245.07408
 354	1	 155.22505	 53.72457	 340.94024
 355	1	 239.78056	 142.43887	 120.52023
 356	1	 88.29855	 91.12060	 87.89199
 357	1	 141.41012	 69.08082	 235.57671
 358	1	 91.04093	 87.94432	 174.07156
 359	1	 123.24876	 104.40698	 31.54722
 360	1	 304.37584	 74.39956	 148.99331
 361	1	 325.54998	 30.09426	 175.54800
 362	1	 248.46858	 56.91040	 323.43994
 363	1	 252.53111	 59.59365	 263.98225
 364	1	 283.35886	 128.21595	 235.40911
 365	1	 311.09274	 106.29348	 123.67438
 366	1	 303.82215	 78.30162	 234.13961
 367	1	 26.81192	 58.11209	 14.73248
 368	1	 304.93856	 111.16475	 31.42174
 369	1	 180.87771	 85.68748	 268.37831
 370	1	 322.10138	 121.29485	 300.51501
 371	1	 33.04485	 99.15947	 24.83501
 372	1	 302.42307	 39.03002	 207.47019
 373	1	 138.72497	 179.94872	 321.19984
 374	1	 318.81968	 3.98696	 222.00022
 375	1	 237.58135	 143.08968	 118.79199
 376	1	 180.60509	 89.10061	 269.21841
 377	1	 326.61600	 118.88690	 18.81445
 378	1	 328.51197	 118.29669	 103.95339
 379	1	 27.82643	 58.43098	 22.01450
 380	1	 232.16161	 108.40447	 240.74127
 381	1	 206.90533	 125.56527	 249.12433
 382	1	 237.49597	 119.91987	 293.11239
 383	1	 36.60896	 133.51879	 318.17642
 384	1	 204.06857	 52.56025	 291.15527
 385	1	 127.14866	 142.87100	 224.88693
 386	1	 1.15287	 87.07821	 178.01605
 387	1	 95.86478	 89.79467	 269.55294
 388	1	 87.49933	 4.32223	 328.65795
 389	1	 305.54966	 105.69540	 125.14832
 390	1	 90.37769	 32.92502	 52.93884
 391	1	 123.10644	 70.59532	 59.26026
 392	1	 241.01584	 37.83555	 161.55601
 393	1	 267.39512	 88.68697	 270.48759
 394	1	 307.99465	 79.94179	 324.64667
 395	1	 197.92592	 102.90247	 294.23357
 396	1	 267.46329	 149.80369	 39.99551
 397	1	 358.09668	 176.87123	 359.47988
 398	1	 249.23948	 64.44683	 222.12577
 399	1	 125.59486	 104.05234	 121.32306
 400	1	 99.04957	 4.57390	 175.41128
 401	1	 268.89457	 88.58346	 187.47526
 402	1	 177.19069	 88.51556	 92.06017
 403	1	 307.89125	 108.42262	 38.27033
 404	1	 120.23733	 145.80750	 242.67615
 405	1	 351.30108	 179.91345	 170.95370
 406	1	 147.73921	 112.48515	 204.37249
 407	1	 206.62543	 123.17143	 68.82021
 408	1	 3.25930	 0.80017	 350.69770
 409	1	 306.88772	 38.40152	 299.02624
 410	1	 89.26494	 143.42687	 51.03422
 411	1	 44.86908	 2.33356	 228.61847
 412	1	 61.14935	 147.36394	 27.11759
 413	1	 272.33861	 38.20096	 140.17886
 414	1	 57.26330	 76.36395	 39.14749
 415	1	 318.96890	 119.68154	 119.00109
 416	1	 57.48105	 149.28163	 204.99740
 417	1	 139.40570	 179.53754	 51.72288
 418	1	 238.81419	 35.00286	 244.49940
 419	1	 147.82550	 114.71162	 37.65252
 420	1	 117.46641	 142.80593	 335.40642
 421	1	 232.20145	 103.60317	 244.59469
 422	1	 340.03574	 119.78520	 108.53000
 423	1	 143.50643	 60.87484	 336.57778
 424	1	 43.82389	 3.43652	 48.71546
 425	1	 57.26687	 144.34253	 21.94453
 426	1	 326.73416	 68.60193	 336.39979
 427	1	 83.08832	 144.69604	 129.44418
 428	1	 309.22792	 73.03838	 322.29968
 429	1	 127.70753	 106.17383	 297.14194
 430	1	 268.36381	 146.24966	 39.67513
 431	1	 41.49021	 118.69704	 67.15667
 432	1	 327.39292	 106.51633	 201.08903
 433	1	 327.86727	 115.99404	 202.14109
 434	1	 301.80096	 81.65602	 211.35888
 435	1	 148.97243	 58.45929	 257.41595
 436	1	 162.37687	 177.94584	 131.65662
 437	1	 60.28367	 176.37752	 334.61081
 438	1	 325.04193	 115.42703	 124.20795
 439	1	 304.80995	 108.15700	 216.81593
 440	1	 265.99511	 36.96679	 220.78104
 441	1	 138.88257	 177.28925	 318.30300
 442	1	 272.30577	 87.73244	 91.43547
 443	1	 300.83381	 33.24911	 295.53697
 444	1	 307.92629	 72.94372	 322.69980
 445	1	 271.21758	 82.37507	 271.31991
 446	1	 223.94623	 123.95222	 334.57022
 447	1	 157.16465	 179.46072	 153.80580
 448	1	 274.43583	 140.15669	 48.94656
 449	1	 16.08957	 125.98567	 14.82713
 450	1	 331.83948	 1.44178	 119.05289
 451	1	 158.99142	 57.85265	 250.50183
 452	1	 22.20757	 1.54026	 242.37592
 453	1	 179.10493	 88.70801	 358.24841
 454	1	 207.36970	 122.72873	 341.93488
 455	1	 149.02322	 64.25256	 70.02559
 456	1	 93.67734	 85.85328	 12.10488
 457	1	 202.00203	 54.54827	 113.75749
 458	1	 61.22277	 143.26832	 207.97607
 459	1	 306.57617	 71.78533	 145.03730
 460	1	 89.14486	 178.97218	 356.09695
 461	1	 41.60022	 179.83910	 222.70764
 462	1	 320.24009	 63.39829	 246.98330
 463	1	 306.46658	 24.86285	 89.49319
 464	1	 208.23496	 125.06394	 348.14236
 465	1	 116.04885	 140.76252	 335.31487
 466	1	 206.54783	 116.96671	 73.99704
 467	1	 124.99177	 75.59144	 151.32906
 468	1	 271.29782	 88.98372	 89.84870
 469	1	 330.38342	 128.22546	 16.85909
 470	1	 270.33286	 95.17361	 90.52920
 471	1	 59.44398	 31.65777	 66.46632
 472	1	 49.86773	 139.52777	 205.41707
 473	1	 274.26463	 29.84803	 225.52450
 474	1	 129.00053	 104.20574	 213.73838
 475	1	 128.08542	 102.71675	 129.14222
 476	1	 43.20760	 65.29326	 32.78784
 477	1	 352.77908	 71.63815	 12.89088
 478	1	 77.49581	 65.63695	 273.21454
 479	1	 303.68996	 73.41537	 149.70580
 480	1	 351.72789	 177.30180	 82.06046
 481	1	 179.21596	 92.06649	 180.96416
 482	1	 213.22323	 54.57771	 20.86663
 483	1	 133.59086	 105.76770	 31.76980
 484	1	 124.33987	 139.06029	 245.20779
 485	1	 55.81431	 32.94051	 246.53317
 486	1	 135.59862	 117.48679	 204.55443
 487	1	 83.06115	 179.96377	 82.38431
 488	1	 52.09388	 80.09634	 198.46566
 489	1	 251.68451	 85.39565	 133.39724
 490	1	 54.46300	 78.77904	 32.17529
 491	1	 60.86070	 130.87556	 153.12284
 492	1	 123.89317	 105.84644	 125.87941
 493	1	 321.05616	 66.63194	 67.04807
 494	1	 9.45567	 5.77749	 80.91533
 495	1	 128.64768	 104.11320	 27.92561
 496	1	 182.73546	 92.02865	 89.37062
 497	1	 90.33786	 143.85962	 313.09480
 498	1	 25.49265	 59.77066	 200.82907
 499	1	 319.54522	 67.47683	 340.03296
 500	1	 123.26312	 141.86823	 56.95956
 501	1	 124.51959	 109.41607	 127.17384
 502	1	 89.11872	 100.92449	 272.04917
 503	1	 181.20218	 85.36724	 266.19756
 504	1	 359.32253	 89.63872	 269.44393
 505	1	 127.08804	 99.71663	 125.66568
 506	1	 17.42633	 123.75853	 65.63414
 507	1	 279.74846	 95.74461	 125.23596
 508	1	 223.92895	 61.61068	 296.07500
 509	1	 137.75332	 108.52860	 287.02682
 510	1	 299.57934	 157.72652	 104.71371
 511	1	 88.92523	 138.22778	 316.55673
 512	1	 321.55840	 115.95461	 114.66204
 513	1	 238.95973	 142.23708	 111.13065
 514	1	 90.04830	 35.12890	 309.54849
 515	1	 28.91637	 177.53838	 28.27470
 516	1	 123.11998	 145.80657	 333.75294
 517	1	 305.64422	 71.23131	 59.49600
 518	1	 165.61377	 1.22299	 281.79136
 519	1	 216.38070	 113.38645	 351.35501
 520	1	 142.16103	 107.98770	 205.94641
 521	1	 142.81972	 65.63029	 155.41128
 522	1	 122.85044	 154.04164	 92.78424
 523	1	 123.03860	 69.71588	 234.66170
 524	1	 293.80991	 147.70416	 312.85755
 525	1	 337.91064	 119.69419	 15.85954
 526	1	 303.96430	 40.77190	 110.53725
 527	1	 184.95142	 54.51624	 146.96777
 528	1	 42.09829	 115.64057	 251.17030
 529	1	 356.07153	 146.84650	 255.36286
 530	1	 204.48602	 56.35918	 290.16071
 531	1	 207.41154	 52.92125	 108.16946
 532	1	 300.01063	 35.25121	 116.62577
 533	1	 336.58854	 179.42116	 342.75400
 534	1	 206.59305	 57.34975	 110.05123
 535	1	 125.51057	 105.33742	 216.83330
 536	1	 249.57190	 3.78867	 293.15647
 537	1	 1.29929	 90.74060	 92.28269
 538	1	 262.02177	 146.11193	 229.72269
 539	1	 304.54467	 33.47244	 201.26775
 540	1	 71.55115	 142.84606	 30.55194
 541	1	 128.86518	 78.19406	 241.29575
 542	1	 93.63024	 36.54560	 48.60286
 543	1	 216.34611	 64.34713	 24.13209
 544	1	 59.34522	 140.40303	 117.26268
 545	1	 302.75529	 40.18110	 25.86418
 546	1	 236.78436	 34.69213	 326.58313
 547	1	 109.74004	 99.98798	 113.20930
 548	1	 26.80686	 121.76553	 341.45152
 549	1	 211.61290	 125.45966	 157.95456
 550	1	 286.05793	 81.80807	 276.91409
 551	1	 80.44632	 177.92278	 83.78545
 552	1	 299.71171	 35.36470	 291.15897
 553	1	 337.68052	 125.50610	 194.55513
 554	1	 320.83670	 116.06145	 118.90221
 555	1	 328.06084	 116.72145	 287.06712
 556	1	 55.38084	 13.99501	 293.82760
 557	1	 320.20264	 116.85936	 301.60370
 558	1	 143.58604	 63.16605	 336.94617
 559	1	 244.55352	 88.02323	 271.53281
 560	1	 188.74957	 75.98756	 235.58364
 561	1	 180.37721	 94.49576	 91.62701
 562	1	 270.41034	 177.83309	 359.55998
 563	1	 345.49209	 124.94928	 14.98226
 564	1	 127.91024	 80.44689	 148.19930
 565	1	 97.34091	 144.36408	 231.32213
 566	1	 234.69625	 1.04813	 213.16757
 567	1	 310.63689	 71.98764	 239.04276
 568	1	 50.71342	 77.60403	 37.41461
 569	1	 52.63408	 76.94229	 306.66028
 570	1	 5.73859	 1.72320	 351.95279
 571	1	 322.23893	 108.05899	 207.28226
 572	1	 269.60537	 90.97122	 3.32979
 573	1	 290.98645	 0.92140	 68.95673
 574	1	 317.51537	 110.68979	 121.65363
 575	1	 244.40922	 38.80981	 333.26702
 576	1	 38.87027	 128.04078	 9.53447
 577	1	 102.10864	 19.01607	 191.79670
 578	1	 249.01296	 58.63075	 259.62946
 579	1	 263.81375	 0.50183	 4.45294
 580	1	 305.85779	 70.48705	 324.38466
 581	1	 216.78868	 62.06647	 22.54168
 582	1	 51.47355	 178.40893	 326.03443
 583	1	 299.05975	 40.49758	 27.40024
 584	1	 238.40311	 141.37804	 28.66117
 585	1	 176.85906	 91.58746	 87.87258
 586	1	 306.22560	 105.64635	 213.32238
 587	1	 238.22837	 145.00053	 29.77202
 588	1	 25.54193	 124.19303	 159.88704
 589	1	 7.08088	 60.84901	 14.55203
 590	1	 61.26717	 144.83706	 208.82618
 591	1	 96.94815	 158.21135	 114.59031
 592	1	 300.76282	 36.85243	 116.67780
 593	1	 153.10677	 57.77613	 67.67366
 594	1	 27.96959	 121.66059	 338.95147
 595	1	 228.99775	 104.47651	 141.45509
 596	1	 128.09769	 103.21634	 124.80522
 597	1	 128.48321	 139.37123	 152.27967
 598	1	 17.55722	 3.53856	 170.21409
 599	1	 173.45827	 138.13344	 4.91891
 600	1	 25.26377	 57.79108	 21.61660
 601	1	 308.12997	 105.68489	 299.22039
 602	1	 319.67896	 120.45561	 24.54120
 603	1	 38.64315	 60.28435	 18.20823
 604	1	 49.05503	 73.48701	 216.88648
 605	1	 220.57852	 169.58537	 141.17088
 606	1	 132.47439	 104.38946	 215.90121
 607	1	 203.08351	 168.43775	 274.59348
 608	1	 127.56007	 179.97668	 32.68833
 609	1	 34.03217	 114.95946	 336.74620
 610	1	 120.38327	 144.80074	 153.22931
 611	1	 211.64165	 63.10986	 288.70341
 612	1	 83.66955	 0.66751	 275.67371
 613	1	 71.16871	 179.26700	 253.60557
 614	1	 271.64315	 149.24100	 226.37013
 615	1	 36.69289	 120.43294	 236.79638
 616	1	 242.20829	 119.34508	 59.09139
 617	1	 237.45512	 34.58672	 153.75845
 618	1	 44.63737	 70.20779	 27.09097
 619	1	 255.96153	 105.89625	 81.11775
 620	1	 279.77959	 97.69911	 208.39794
 621	1	 271.01495	 3.57407	 179.78206
 622	1	 58.44793	 35.81049	 149.68922
 623	1	 126.48205	 107.02307	 122.57760
 624	1	 263.61033	 3.43490	 274.72211
 625	1	 272.84604	 88.55892	 269.80816
 626	1	 30.99279	 5.78928	 294.71166
 627	1	 318.77149	 122.28511	 114.56413
 628	1	 208.21374	 125.85193	 165.32475
 629	1	 50.89439	 74.54120	 124.43987
 630	1	 229.69877	 105.13277	 234.77629
 631	1	 284.51332	 1.17192	 172.13162
 632	1	 206.40688	 59.78306	 198.17376
 633	1	 308.81743	 2.62984	 146.59967
 634	1	 33.97275	 110.96976	 157.93373
 635	1	 55.49100	 40.57386	 243.81993
 636	1	 239.48549	 38.31740	 238.21014
 637	1	 304.43612	 70.38979	 142.93390
 638	1	 42.67356	 62.13890	 24.57096
 639	1	 242.10962	 141.40877	 204.92192
 640	1	 239.40121	 97.82739	 166.30626
 641	1	 48.13875	 76.53844	 119.36480
 642	1	 123.95811	 71.01355	 230.95726
 643	1	 165.29477	 81.18763	 266.34789
 644	1	 88.37890	 37.31942	 311.78177
 645	1	 116.80563	 149.76356	 243.08533
 646	1	 126.58369	 108.10807	 300.44946
 647	1	 86.81326	 42.89220	 51.83868
 648	1	 25.98416	 120.22230	 160.71146
 649	1	 53.78655	 39.76764	 63.58958
 650	1	 239.35906	 148.42574	 209.87537
 651	1	 120.94149	 105.31163	 306.39896
 652	1	 58.15410	 39.86755	 153.26860
 653	1	 246.35897	 0.14995	 115.57570
 654	1	 218.78333	 68.25162	 292.99383
 655	1	 41.07256	 59.69282	 26.91636
 656	1	 113.06573	 175.91381	 17.68090
 657	1	 320.93219	 103.81955	 16.82450
 658	1	 329.01421	 55.51469	 89.04320
 659	1	 217.45838	 62.18612	 24.80712
 660	1	 270.04372	 89.12768	 177.00134
 661	1	 233.43328	 104.50495	 145.93703
 662	1	 238.93812	 62.96990	 2.12223
 663	1	 23.68570	 56.92368	 110.35632
 664	1	 228.38833	 108.59595	 49.97027
 665	1	 122.14221	 137.92127	 334.64714
 666	1	 87.53630	 57.52491	 206.55792
 667	1	 58.75714	 141.22722	 116.23147
 668	1	 203.84474	 121.30189	 162.57708
 669	1	 27.72181	 120.32963	 252.64936
 670	1	 62.04107	 35.34918	 67.18815
 671	1	 237.34607	 42.66240	 325.77990
 672	1	 41.56422	 57.88326	 124.46726
 673	1	 55.62167	 149.66754	 34.15288
 674	1	 24.56061	 123.11795	 157.22570
 675	1	 118.87583	 135.98674	 277.61012
 676	1	 90.32141	 93.48736	 91.19793
 677	1	 57.41218	 151.21520	 27.54199
 678	1	 337.62718	 116.11440	 20.50526
 679	1	 119.74820	 146.80783	 64.77898
 680	1	 81.55187	 127.21053	 271.09674
 681	1	 322.38387	 111.19333	 209.53373
 682	1	 211.63733	 125.84604	 339.74490
 683	1	 309.30595	 104.01250	 211.78224
 684	1	 269.68943	 39.12304	 46.78644
 685	1	 340.92208	 87.40687	 78.32597
 686	1	 147.23756	 59.90383	 344.05900
 687	1	 303.89382	 178.69600	 307.69905
 688	1	 267.29146	 89.53878	 298.61243
 689	1	 283.91134	 0.31156	 346.61908
 690	1	 220.64173	 75.21481	 274.08936
 691	1	 135.98997	 2.90993	 46.04572
 692	1	 226.75823	 55.71325	 226.04838
 693	1	 28.22268	 122.43068	 335.00015
 694	1	 91.76484	 86.87873	 275.48256
 695	1	 244.94868	 102.15779	 105.78376
 696	1	 238.18211	 37.60187	 155.90484
 697	1	 39.52365	 64.82516	 205.48370
 698	1	 268.10725	 93.00991	 2.34393
 699	1	 38.97049	 71.29425	 117.83532
 700	1	 317.17971	 76.50212	 54.54705
 701	1	 239.90672	 32.71367	 328.84646
 702	1	 328.80373	 122.20760	 18.80543
 703	1	 336.29892	 78.30455	 232.07700
 704	1	 29.83178	 160.44265	 192.28379
 705	1	 57.86095	 34.08821	 245.97966
 706	1	 129.84320	 69.62841	 61.72158
 707	1	 133.62697	 96.14466	 251.96488
 708	1	 180.06303	 91.22893	 179.65425
 709	1	 25.72220	 57.98900	 288.29983
 710	1	 54.05818	 77.84907	 304.60764
 711	1	 276.48177	 178.25038	 188.62047
 712	1	 153.28110	 62.71458	 66.65923
 713	1	 157.99594	 57.08472	 340.58935
 714	1	 178.88863	 89.82288	 181.72141
 715	1	 333.64714	 126.46185	 79.89796
 716	1	 123.52180	 79.46014	 142.36449
 717	1	 137.51098	 115.99115	 121.23023
 718	1	 93.02357	 30.74043	 321.60207
 719	1	 207.30692	 120.12884	 250.69756
 720	1	 73.78958	 145.03376	 321.54367
 721	1	 130.99140	 72.05586	 58.77008
 722	1	 87.13009	 37.88692	 136.58806
 723	1	 122.10093	 143.73981	 334.20424
 724	1	 201.32917	 61.73245	 16.95699
 725	1	 50.80395	 73.27284	 213.78585
 726	1	 304.82487	 178.75557	 123.87251
 727	1	 126.55030	 79.50755	 53.94410
 728	1	 93.82008	 141.50128	 41.77086
 729	1	 41.39416	 64.17892	 23.75306
 730	1	 37.03522	 65.42915	 115.09999
 731	1	 271.39309	 153.48553	 135.28914
 732	1	 322.91890	 112.83979	 213.21723
 733	1	 320.17264	 118.32896	 115.19372
 734	1	 163.77614	 58.62278	 2.92102
 735	1	 273.82656	 149.09289	 45.10335
 736	1	 175.55396	 179.63490	 175.25483
 737	1	 275.29616	 34.24325	 312.51527
 738	1	 235.33724	 36.66155	 246.42249
 739	1	 60.03308	 144.21055	 201.57231
 740	1	 306.29576	 104.44069	 298.85571
 741	1	 293.78794	 4.33070	 155.02346
 742	1	 305.48805	 103.20832	 124.66977
 743	1	 138.44939	 62.89644	 332.34517
 744	1	 305.60390	 103.73223	 216.57945
 745	1	 84.53657	 179.37339	 81.55547
 746	1	 173.82585	 134.50376	 207.30678
 747	1	 34.98113	 109.09307	 334.00042
 748	1	 300.31223	 75.00135	 54.81546
 749	1	 119.77025	 0.27239	 236.20677
 750	1	 273.67107	 149.34702	 127.44235
 751	1	 356.15493	 89.99903	 178.47480
 752	1	 26.38301	 58.35025	 289.06535
 753	1	 108.71158	 0.03776	 165.76548
 754	1	 325.29411	 115.45223	 204.16818
 755	1	 215.16195	 150.75020	 141.29331
 756	1	 234.24096	 107.10790	 151.57196
 757	1	 249.92005	 166.66147	 251.85388
 758	1	 323.81389	 87.40906	 72.12949
 759	1	 90.18530	 146.98413	 217.88842
 760	1	 133.75776	 63.45680	 153.49054
 761	1	 318.43592	 178.48751	 47.42028
 762	1	 227.09551	 108.11521	 52.26146
 763	1	 229.76018	 107.11485	 234.22248
 764	1	 91.88055	 90.51596	 269.54003
 765	1	 127.75000	 105.57687	 126.15962
 766	1	 268.51025	 86.61681	 88.62692
 767	1	 153.21174	 58.09860	 68.78657
 768	1	 50.16550	 73.27366	 212.69530
 769	1	 206.29486	 177.99882	 116.64671
 770	1	 30.81583	 124.58697	 337.06491
 771	1	 220.79747	 68.35955	 209.16798
 772	1	 201.74634	 118.85565	 334.01332
 773	1	 128.62896	 105.84290	 302.52642
 774	1	 150.07554	 21.54730	 77.97147
 775	1	 166.46159	 7.92815	 196.91697
 776	1	 146.88871	 115.61210	 117.90101
 777	1	 44.24813	 179.45583	 41.30347
 778	1	 313.41838	 2.47569	 139.03735
 779	1	 44.01695	 21.06568	 334.76115
 780	1	 38.84563	 118.13773	 63.60705
 781	1	 35.61452	 109.73042	 155.08357
 782	1	 38.66468	 63.50398	 23.05626
 783	1	 88.31001	 141.61677	 50.71872
 784	1	 62.98550	 37.23759	 234.78704
 785	1	 57.79300	 34.49067	 335.93063
 786	1	 45.23951	 177.97975	 319.83118
 787	1	 94.11892	 158.76455	 54.17688
 788	1	 140.74463	 73.41212	 71.56933
 789	1	 21.61525	 58.77719	 196.26044
 790	1	 337.89256	 125.63990	 105.95595
 791	1	 161.38009	 138.30919	 164.89282
 792	1	 65.71672	 2.27187	 209.07262
 793	1	 180.25002	 87.89178	 271.36845
 794	1	 238.31723	 170.52519	 346.94954
 795	1	 199.63735	 0.63859	 74.77006
 796	1	 42.76689	 66.02338	 210.06612
 797	1	 308.16442	 38.97535	 209.39001
 798	1	 262.67009	 0.57898	 188.00359
 799	1	 198.07343	 61.69287	 293.64914
 800	1	 45.30963	 179.45644	 43.55635
 801	1	 130.40907	 103.00994	 28.42737
 802	1	 232.65161	 10.60225	 28.82397
 803	1	 227.37468	 176.42736	 135.40053
 804	1	 319.65739	 34.91110	 159.93213
 805	1	 271.55983	 93.38984	 87.78790
 806	1	 234.04707	 103.28784	 325.53983
 807	1	 139.82174	 62.68098	 150.44030
 808	1	 143.44629	 63.30021	 154.01627
 809	1	 141.54731	 66.48763	 65.74481
 810	1	 273.17010	 30.73652	 315.52884
 811	1	 203.92491	 122.88459	 249.01798
 812	1	 42.40231	 114.97696	 332.61730
 813	1	 197.49038	 178.35065	 104.34947
 814	1	 50.25922	 80.17099	 212.20801
 815	1	 151.09990	 58.44764	 73.61386
 816	1	 298.39676	 37.59157	 117.98464
 817	1	 60.49365	 38.28661	 330.65888
 818	1	 126.73300	 80.04965	 243.04661
 819	1	 57.49832	 164.73965	 76.41386
 820	1	 87.70828	 92.60671	 359.70498
 821	1	 359.11326	 90.57586	 93.24770
 822	1	 96.55260	 32.65147	 137.85735
 823	1	 177.16348	 101.55582	 204.20980
 824	1	 142.66807	 111.95131	 299.22119
 825	1	 231.86562	 104.99678	 233.65149
 826	1	 209.28957	 61.56394	 288.00059
 827	1	 55.20193	 142.11807	 109.49275
 828	1	 123.43411	 142.75317	 333.59135
 829	1	 28.54838	 65.90223	 103.85306
 830	1	 58.76916	 139.18105	 292.08811
 831	1	 88.99571	 142.75592	 143.10191
 832	1	 300.68574	 39.88517	 208.03106
 833	1	 58.21483	 143.84798	 205.34652
 834	1	 126.35201	 177.97814	 128.68928
 835	1	 207.30715	 54.04142	 15.08326
 836	1	 121.70640	 145.82974	 61.57076
 837	1	 204.94240	 121.87164	 72.67157
 838	1	 237.36580	 108.66596	 235.65971
 839	1	 308.60606	 108.31327	 215.98142
 840	1	 84.69331	 34.40973	 314.85994
 841	1	 305.56395	 155.75334	 333.59189
 842	1	 70.62204	 178.36579	 343.46680
 843	1	 322.98272	 117.60889	 202.95271
 844	1	 29.74796	 122.27773	 165.99459
 845	1	 114.39943	 4.07110	 340.41052
 846	1	 305.86458	 105.22188	 298.68892
 847	1	 334.17992	 178.91807	 332.05153
 848	1	 46.05299	 111.87700	 157.20055
 849	1	 272.41260	 35.89577	 136.32419
 850	1	 89.28220	 147.09666	 312.32852
 851	1	 101.48189	 178.26631	 99.24023
 852	1	 300.22351	 34.92111	 205.50493
 853	1	 295.66356	 1.81658	 149.87425
 854	1	 236.88513	 142.52215	 204.50092
 855	1	 71.64320	 171.55154	 323.94898
 856	1	 86.74708	 85.67483	 179.32590
 857	1	 268.40611	 179.77163	 271.01235
 858	1	 21.37997	 57.70829	 104.94503
 859	1	 306.60485	 34.33070	 118.33610
 860	1	 129.91262	 75.30046	 143.61497
 861	1	 120.40097	 106.06063	 33.24861
 862	1	 220.22632	 64.82533	 25.74653
 863	1	 24.09040	 2.13157	 138.47036
 864	1	 136.85568	 61.60848	 230.01978
 865	1	 328.75127	 123.63527	 22.88860
 866	1	 141.92815	 60.97781	 242.05896
 867	1	 128.26012	 76.26080	 323.20642
 868	1	 231.46544	 35.18800	 241.96721
 869	1	 57.75195	 39.95807	 330.17999
 870	1	 218.15393	 110.44855	 236.58345
 871	1	 203.92995	 63.67073	 21.16363
 872	1	 130.21221	 2.27305	 51.70755
 873	1	 111.65457	 176.87391	 114.90913
 874	1	 122.23901	 78.31493	 238.57243
 875	1	 165.83923	 179.72191	 258.50651
 876	1	 122.40638	 174.37261	 225.04040
 877	1	 334.54610	 125.41071	 197.14734
 878	1	 267.84721	 37.52421	 318.24817
 879	1	 221.18407	 68.24269	 35.59380
 880	1	 234.04180	 37.06069	 155.61780
 881	1	 337.27456	 2.18567	 291.68449
 882	1	 91.61701	 139.07306	 38.34753
 883	1	 53.70085	 141.37081	 202.68799
 884	1	 41.80382	 112.42575	 333.78949
 885	1	 94.90665	 177.99902	 279.29801
 886	1	 259.73873	 5.22228	 24.21467
 887	1	 130.17512	 108.33260	 210.20377
 888	1	 21.35978	 175.82661	 113.60697
 889	1	 118.41142	 177.49883	 118.50725
 890	1	 176.48767	 2.17504	 273.42372
 891	1	 143.46029	 116.56327	 117.07803
 892	1	 305.34416	 74.06769	 330.98111
 893	1	 93.11070	 91.00960	 3.55351
 894	1	 307.63560	 106.54520	 31.29424
 895	1	 238.42714	 36.66100	 154.60668
 896	1	 146.20629	 57.27016	 252.19504
 897	1	 51.19213	 0.47569	 128.08550
 898	1	 326.80630	 72.60643	 243.71067
 899	1	 297.62536	 38.40087	 134.82989
 900	1	 241.87726	 143.26293	 26.41204
 901	1	 302.56336	 75.78719	 145.11397
 902	1	 244.51417	 179.76274	 64.65787
 903	1	 306.30806	 35.17244	 206.39512
 904	1	 194.18181	 54.97599	 325.18436
 905	1	 238.13821	 40.46167	 68.05956
 906	1	 175.93508	 140.02139	 167.03101
 907	1	 44.64656	 111.73665	 295.19589
 908	1	 37.09143	 106.25880	 158.46253
 909	1	 237.25009	 36.80651	 61.11175
 910	1	 211.06349	 13.97867	 292.32122
 911	1	 213.76503	 108.70213	 330.99210
 912	1	 57.34871	 179.73690	 240.70395
 913	1	 61.54669	 143.10990	 22.89789
 914	1	 60.43506	 149.72063	 6.41949
 915	1	 60.34339	 35.25246	 236.75668
 916	1	 175.23201	 89.90045	 0.75145
 917	1	 178.62527	 91.55560	 269.47083
 918	1	 136.59799	 122.03700	 197.24588
 919	1	 215.93444	 52.84127	 290.35150
 920	1	 274.50007	 147.74655	 321.56473
 921	1	 230.75324	 107.12665	 54.03675
 922	1	 89.90725	 147.48235	 308.62566
 923	1	 308.13109	 68.40359	 234.58866
 924	1	 208.81176	 58.92361	 285.41571
 925	1	 54.87395	 0.03115	 33.88140
 926	1	 304.50241	 40.15724	 293.87116
 927	1	 321.82105	 109.40234	 121.25486
 928	1	 326.28193	 2.10596	 130.82365
 929	1	 332.70240	 97.89715	 340.87266
 930	1	 96.79092	 0.15151	 82.15690
 931	1	 88.00309	 0.13828	 92.26345
 932	1	 321.69191	 112.36629	 290.36387
 933	1	 2.03990	 90.35396	 359.33929
 934	1	 300.54723	 39.14483	 203.52142
 935	1	 22.51273	 126.97139	 152.58077
 936	1	 93.56716	 103.56867	 293.63098
 937	1	 228.14831	 28.76490	 51.53479
 938	1	 304.70688	 73.24535	 234.46253
 939	1	 110.17875	 86.64781	 208.86621
 940	1	 8.79895	 172.80349	 110.68383
 941	1	 122.51400	 143.43474	 240.20626
 942	1	 271.44802	 40.74889	 42.52720
 943	1	 89.29832	 39.22840	 314.13982
 944	1	 252.07078	 161.32374	 268.26363
 945	1	 62.21861	 40.92990	 154.59740
 946	1	 197.49444	 132.54628	 137.61089
 947	1	 276.04750	 136.36134	 225.83508
 948	1	 359.95583	 84.94907	 355.43678
 949	1	 236.98694	 176.15312	 145.51889
 950	1	 91.59153	 89.54402	 0.38592
 951	1	 208.20107	 61.24296	 110.98286
 952	1	 315.15983	 119.99425	 120.67706
 953	1	 287.55596	 6.83332	 283.92246
 954	1	 273.67725	 33.82324	 138.23581
 955	1	 89.24228	 92.54576	 268.31698
 956	1	 204.12473	 58.91930	 199.83859
 957	1	 82.00423	 173.03041	 74.39783
 958	1	 171.00041	 90.05096	 43.56187
 959	1	 117.49860	 10.60513	 106.28477
 960	1	 217.50195	 117.36361	 67.11759
 961	1	 279.39904	 177.59308	 282.92088
 962	1	 128.97674	 75.45196	 234.27362
 963	1	 92.15108	 90.15078	 91.38764
 964	1	 27.90159	 57.20634	 15.38666
 965	1	 210.51634	 66.33227	 33.22014
 966	1	 236.79749	 146.09345	 209.47677
 967	1	 124.33706	 73.44012	 233.66138
 968	1	 157.19388	 57.72855	 248.66885
 969	1	 41.88831	 68.21256	 204.14920
 970	1	 153.61386	 75.33652	 359.04166
 971	1	 213.90499	 114.45849	 237.56593
 972	1	 271.39525	 95.61502	 88.65645
 973	1	 273.42766	 150.75720	 131.47203
 974	1	 125.04477	 14.34116	 30.66976
 975	1	 122.20962	 108.94906	 216.02642
 976	1	 213.75507	 19.14655	 275.08192
 977	1	 28.47821	 118.10248	 252.49424
 978	1	 279.01111	 141.39004	 134.13098
 979	1	 358.84062	 90.43567	 178.16926
 980	1	 308.34387	 80.59039	 145.02824
 981	1	 184.51990	 89.09179	 135.08063
 982	1	 86.74525	 145.67117	 229.22613
 983	1	 204.24677	 39.99745	 108.35869
 984	1	 157.06346	 51.31228	 247.42012
 985	1	 206.06388	 123.84483	 161.43875
 986	1	 58.61678	 141.31548	 298.91143
 987	1	 158.28412	 13.30457	 74.22350
 988	1	 272.73242	 91.24264	 357.12065
 989	1	 268.37766	 37.50648	 313.19850
 990	1	 59.65729	 141.49850	 27.57618
 991	1	 272.40870	 144.04965	 316.23225
 992	1	 207.93514	 61.54213	 15.69826
 993	1	 321.61037	 176.95265	 320.98301
 994	1	 138.66270	 179.34352	 55.25749
 995	1	 127.19681	 75.46786	 50.64492
 996	1	 59.94084	 31.77933	 334.45446
 997	1	 331.73377	 123.45641	 292.22076
 998	1	 85.77458	 140.28850	 127.48858
 999	1	 307.41110	 105.79884	 214.59653
1000	1	 0.55381	 92.48232	 180.71410
