   1	1	 123.24015	 101.97162	 215.20306
   2	1	 329.87004	 118.80740	 282.96850
   3	1	 39.78612	 111.11805	 62.19622
   4	1	 310.98132	 96.70092	 47.78188
   5	1	 126.08297	 90.82248	 140.64461
   6	1	 50.54771	 31.45553	 333.88313
   7	1	 273.83822	 148.33831	 225.23390
   8	1	 136.73566	 68.79784	 69.19120
   9	1	 303.26645	 32.10987	 198.62484
  10	1	 209.62431	 118.78295	 338.20681
  11	1	 305.41170	 36.59889	 207.53717
  12	1	 83.19609	 143.81919	 132.39376
  13	1	 44.85839	 177.95414	 311.45749
  14	1	 40.49157	 134.55795	 88.87601
  15	1	 305.91451	 75.75536	 150.25072
  16	1	 40.13608	 134.36187	 97.05820
  17	1	 324.02937	 133.50249	 95.16627
  18	1	 242.58735	 145.99093	 295.87493
  19	1	 322.35855	 119.23154	 206.57859
  20	1	 216.03179	 51.34911	 172.00366
  21	1	 149.01884	 58.83733	 248.18331
  22	1	 309.95646	 109.76053	 31.00052
  23	1	 321.19738	 106.24768	 209.62602
  24	1	 49.42394	 74.39748	 116.68079
  25	1	 24.28375	 62.42099	 286.90333
  26	1	 234.68146	 113.02955	 233.81303
  27	1	 323.13742	 47.79152	 359.76265
  28	1	 321.24494	 59.82619	 242.68260
  29	1	 149.42014	 55.25723	 165.66479
  30	1	 302.38474	 89.51087	 135.26566
  31	1	 267.68790	 91.73395	 3.79234
  32	1	 122.59630	 104.05889	 308.37228
  33	1	 117.92196	 87.97190	 137.07326
  34	1	 54.88150	 147.20890	 107.55012
  35	1	 17.33992	 2.97330	 340.03316
  36	1	 39.16260	 115.11725	 251.10903
  37	1	 56.34121	 75.45413	 39.03663
  38	1	 198.37316	 122.77764	 78.00743
  39	1	 63.30680	 145.13423	 27.21915
  40	1	 62.64211	 134.43194	 30.35892
  41	1	 322.27555	 63.76934	 64.79176
  42	1	 225.44795	 115.10038	 63.02266
  43	1	 311.03991	 88.03094	 36.97898
  44	1	 50.89852	 76.33326	 39.35869
  45	1	 211.24397	 45.59067	 88.44417
  46	1	 274.91257	 95.04052	 84.42264
  47	1	 149.06052	 5.33905	 306.66502
  48	1	 317.97574	 69.30599	 331.41651
  49	1	 221.91200	 3.50348	 320.72149
  50	1	 36.37441	 46.17380	 4.27877
  51	1	 157.37717	 53.13670	 341.80493
  52	1	 150.98276	 55.39314	 75.44677
  53	1	 89.46804	 31.80329	 227.63186
  54	1	 334.12428	 178.84785	 160.51338
  55	1	 130.06650	 178.15685	 306.69609
  56	1	 261.06809	 3.61959	 1.10546
  57	1	 297.83934	 34.96309	 212.27744
  58	1	 124.72995	 108.59991	 307.68407
  59	1	 36.53693	 60.71351	 116.34771
  60	1	 220.77149	 109.74480	 337.74728
  61	1	 55.44380	 93.47812	 316.36017
  62	1	 327.94786	 137.29279	 178.72416
  63	1	 203.69357	 176.68150	 288.41786
  64	1	 55.15361	 91.57984	 44.13206
  65	1	 215.14889	 114.61914	 329.17092
  66	1	 332.38772	 123.85765	 195.21982
  67	1	 123.85422	 104.21943	 215.67557
  68	1	 86.00018	 29.39840	 318.11625
  69	1	 36.72412	 65.26634	 294.01380
  70	1	 29.65635	 127.07670	 253.53745
  71	1	 148.04015	 45.06372	 178.05675
  72	1	 60.05123	 144.59964	 298.65601
  73	1	 210.14963	 133.53617	 270.28312
  74	1	 323.92577	 6.88441	 39.51637
  75	1	 301.95467	 90.40125	 309.37524
  76	1	 234.49313	 0.51483	 303.52792
  77	1	 236.21087	 35.77847	 150.81760
  78	1	 169.67748	 2.23977	 94.00346
  79	1	 37.49798	 44.61884	 358.85803
  80	1	 57.49508	 30.67365	 331.81817
  81	1	 126.69815	 108.57605	 121.74019
  82	1	 277.89580	 33.66698	 233.19317
  83	1	 274.98337	 39.24290	 314.81355
  84	1	 35.30612	 117.33018	 245.78768
  85	1	 60.45595	 143.54908	 120.07836
  86	1	 346.82607	 178.79889	 260.75866
  87	1	 172.74830	 1.73442	 5.38520
  88	1	 22.99962	 122.96472	 76.91856
  89	1	 179.36201	 5.38566	 94.58780
  90	1	 188.20395	 95.42733	 94.93619
  91	1	 306.32380	 75.28338	 239.70644
  92	1	 315.80510	 118.08337	 26.98018
  93	1	 302.10737	 41.61319	 298.73027
  94	1	 268.30863	 89.44318	 97.61411
  95	1	 55.15222	 149.37866	 116.93738
  96	1	 37.38934	 144.95506	 173.97633
  97	1	 271.18598	 144.36785	 317.15756
  98	1	 303.56433	 32.05718	 200.96405
  99	1	 275.49040	 89.40012	 1.61922
 100	1	 3.05565	 178.29856	 185.18893
 101	1	 153.40517	 0.35795	 307.64054
 102	1	 72.72223	 176.52943	 73.20849
 103	1	 269.32196	 149.11979	 47.12566
 104	1	 272.09713	 144.71899	 310.86152
 105	1	 266.76751	 36.64680	 129.93302
 106	1	 238.19513	 143.01297	 115.73444
 107	1	 314.53606	 107.06955	 200.36705
 108	1	 217.14604	 128.45482	 91.58108
 109	1	 319.22202	 60.65146	 337.53112
 110	1	 324.33912	 133.57917	 181.00465
 111	1	 245.00113	 105.45352	 146.68754
 112	1	 209.50106	 124.13332	 336.49824
 113	1	 147.33946	 178.28995	 326.31022
 114	1	 51.48033	 37.26907	 332.62007
 115	1	 50.51305	 34.30999	 155.17445
 116	1	 126.85647	 104.23451	 297.52282
 117	1	 268.97594	 25.65147	 45.46912
 118	1	 25.06597	 115.90821	 252.81031
 119	1	 294.93470	 2.86825	 64.53239
 120	1	 272.15098	 144.47499	 321.14491
 121	1	 357.67178	 1.06281	 6.80015
 122	1	 329.26108	 127.28706	 107.19879
 123	1	 173.75079	 92.30063	 185.87279
 124	1	 216.41996	 115.64707	 231.70358
 125	1	 123.24190	 74.77505	 324.69384
 126	1	 127.07582	 86.28932	 313.93871
 127	1	 138.52524	 116.64559	 114.63216
 128	1	 213.38758	 54.63743	 17.37439
 129	1	 270.03094	 141.62251	 315.55799
 130	1	 152.04675	 54.16834	 254.41235
 131	1	 306.25570	 74.52584	 236.64268
 132	1	 37.58888	 2.53627	 232.66782
 133	1	 132.15917	 76.72352	 53.34304
 134	1	 273.66060	 39.53612	 231.39236
 135	1	 152.47837	 178.26312	 247.86327
 136	1	 143.60543	 105.60111	 208.00696
 137	1	 238.62045	 89.18687	 226.44591
 138	1	 54.81605	 89.02490	 139.78134
 139	1	 306.21578	 91.37077	 138.09453
 140	1	 108.77121	 3.02296	 335.49393
 141	1	 3.72768	 86.76716	 269.08849
 142	1	 20.63524	 54.87598	 286.25559
 143	1	 237.42941	 143.40761	 124.79348
 144	1	 52.12113	 86.93076	 133.38585
 145	1	 236.14468	 44.41067	 237.49448
 146	1	 171.67141	 83.50112	 86.99962
 147	1	 218.11631	 62.63828	 29.38762
 148	1	 305.43229	 106.09063	 302.92934
 149	1	 246.87950	 146.31801	 21.50850
 150	1	 33.47212	 131.97631	 180.29012
 151	1	 92.96332	 35.03037	 134.57940
 152	1	 333.92222	 124.70928	 109.92410
 153	1	 211.92033	 44.11625	 84.15086
 154	1	 139.68690	 136.71029	 355.38546
 155	1	 73.21586	 179.14909	 345.46611
 156	1	 222.37731	 63.64173	 205.41241
 157	1	 61.63433	 31.21677	 150.77642
 158	1	 205.97500	 118.57892	 162.11527
 159	1	 312.67814	 67.17005	 60.48364
 160	1	 62.06197	 178.57857	 153.88521
 161	1	 308.98243	 70.69447	 324.16015
 162	1	 124.97555	 74.12862	 230.39308
 163	1	 174.46034	 95.48695	 83.36278
 164	1	 242.82453	 140.06985	 294.52034
 165	1	 235.85399	 87.66621	 135.48348
 166	1	 127.07208	 107.45620	 129.17245
 167	1	 54.06988	 74.70232	 31.24934
 168	1	 209.71564	 62.83856	 282.64751
 169	1	 47.22394	 0.87003	 133.50191
 170	1	 309.96141	 175.94625	 125.51094
 171	1	 216.80561	 3.00246	 143.61191
 172	1	 52.59755	 72.57314	 304.95583
 173	1	 126.54497	 99.96244	 303.40097
 174	1	 92.47938	 91.85431	 270.36974
 175	1	 157.89767	 55.28039	 341.68415
 176	1	 322.67612	 136.43191	 1.04902
 177	1	 231.76397	 103.19965	 335.46051
 178	1	 205.90913	 55.06219	 197.70362
 179	1	 268.87413	 33.41200	 138.94448
 180	1	 40.18784	 115.44491	 153.70620
 181	1	 205.19119	 120.89804	 343.35314
 182	1	 77.11929	 4.00500	 272.03389
 183	1	 239.77409	 92.60449	 137.07493
 184	1	 162.06835	 55.81643	 167.36333
 185	1	 305.26241	 99.22597	 33.28963
 186	1	 300.95626	 31.47732	 291.64543
 187	1	 25.10690	 121.21142	 257.78908
 188	1	 211.57729	 136.73330	 89.34268
 189	1	 324.78484	 119.66956	 285.47720
 190	1	 39.16831	 45.33880	 89.71444
 191	1	 217.07071	 118.17455	 336.39338
 192	1	 124.00778	 102.22427	 29.18443
 193	1	 61.34000	 137.85067	 114.14474
 194	1	 126.40840	 102.60105	 29.96637
 195	1	 52.13797	 71.89131	 32.20907
 196	1	 297.26887	 35.85102	 114.93590
 197	1	 92.66575	 85.92954	 185.85119
 198	1	 230.57732	 102.50181	 322.52779
 199	1	 62.55562	 93.15839	 43.56182
 200	1	 348.50142	 176.24514	 183.62833
 201	1	 314.27772	 109.98788	 25.53444
 202	1	 221.47972	 68.95478	 296.14053
 203	1	 87.65171	 36.47028	 137.08833
 204	1	 88.57639	 38.06072	 35.49562
 205	1	 49.41354	 89.64738	 42.60491
 206	1	 147.24370	 65.79855	 72.24754
 207	1	 220.01338	 137.50977	 187.71872
 208	1	 67.71871	 175.69577	 334.87765
 209	1	 225.58565	 3.54458	 136.50531
 210	1	 174.98076	 178.01083	 188.26939
 211	1	 315.19531	 116.35035	 204.56964
 212	1	 334.61422	 126.07296	 19.64320
 213	1	 206.12222	 53.43148	 18.08682
 214	1	 53.62542	 69.34528	 207.71585
 215	1	 35.98914	 135.60824	 93.71786
 216	1	 35.92274	 141.23645	 90.79704
 217	1	 328.50674	 43.36890	 0.42174
 218	1	 177.32833	 94.19085	 264.11860
 219	1	 219.01659	 111.88458	 150.27297
 220	1	 24.49439	 53.85894	 293.47619
 221	1	 310.65850	 68.24831	 59.61982
 222	1	 65.13799	 35.46923	 243.12769
 223	1	 301.62465	 39.07625	 22.86385
 224	1	 326.40213	 41.11164	 94.29791
 225	1	 38.35899	 113.31100	 249.28769
 226	1	 305.51594	 86.98100	 41.54861
 227	1	 0.70881	 90.29419	 358.90299
 228	1	 272.12019	 29.23599	 43.85366
 229	1	 90.36708	 91.47666	 189.97919
 230	1	 206.11203	 59.28441	 286.12307
 231	1	 205.54781	 118.74505	 72.05929
 232	1	 179.79172	 87.26577	 272.87170
 233	1	 87.95045	 41.74848	 316.53578
 234	1	 259.29239	 153.22100	 43.21690
 235	1	 319.79959	 72.10161	 158.90264
 236	1	 39.28550	 119.74316	 154.38777
 237	1	 115.47584	 136.93320	 61.59086
 238	1	 220.81970	 175.97858	 304.45501
 239	1	 131.37177	 141.01597	 333.72105
 240	1	 304.19869	 76.30685	 145.30230
 241	1	 32.49395	 45.57574	 355.51226
 242	1	 219.04195	 117.93408	 240.66598
 243	1	 233.62144	 1.96605	 311.55203
 244	1	 305.20057	 35.23772	 295.26938
 245	1	 94.77539	 35.99871	 133.56172
 246	1	 353.74173	 92.53674	 271.42154
 247	1	 322.52255	 46.14923	 269.15807
 248	1	 57.78658	 143.59770	 120.91682
 249	1	 307.47828	 106.45582	 306.89142
 250	1	 26.01890	 60.22217	 19.57396
 251	1	 272.22310	 90.70084	 270.34167
 252	1	 233.52219	 40.13590	 155.83002
 253	1	 327.52320	 126.30887	 7.96305
 254	1	 24.94488	 55.60097	 22.45752
 255	1	 93.42134	 37.26314	 132.15693
 256	1	 241.12223	 37.98476	 245.10402
 257	1	 357.30217	 89.88993	 88.62862
 258	1	 215.85011	 54.55214	 291.24379
 259	1	 83.55986	 91.04578	 357.24244
 260	1	 86.57435	 90.15671	 356.34264
 261	1	 146.52670	 45.99917	 269.29734
 262	1	 3.15161	 78.89149	 357.90560
 263	1	 124.66789	 92.29723	 135.09893
 264	1	 131.19256	 101.98306	 300.83934
 265	1	 285.00695	 176.75144	 204.75642
 266	1	 87.53951	 146.81812	 136.32448
 267	1	 226.66029	 66.98574	 298.55695
 268	1	 274.25521	 176.69530	 91.63330
 269	1	 146.65133	 42.00634	 95.33578
 270	1	 20.92564	 177.97198	 287.21739
 271	1	 231.57072	 88.65546	 139.04782
 272	1	 326.44485	 136.91140	 2.59188
 273	1	 340.16819	 173.45796	 337.39225
 274	1	 85.84661	 140.34143	 228.37810
 275	1	 36.01227	 4.95377	 151.42932
 276	1	 303.61097	 173.43103	 39.44468
 277	1	 35.03960	 134.71340	 267.16505
 278	1	 130.65150	 76.42891	 234.36999
 279	1	 125.74746	 71.18099	 54.39549
 280	1	 7.97865	 88.82199	 263.59748
 281	1	 327.82187	 137.03974	 2.40709
 282	1	 266.97470	 2.43236	 7.78512
 283	1	 124.20242	 143.33598	 241.64182
 284	1	 330.39325	 125.23012	 19.67125
 285	1	 271.40468	 92.61424	 270.64436
 286	1	 49.40973	 83.88186	 30.08358
 287	1	 132.87470	 104.79191	 132.77607
 288	1	 125.65307	 110.71523	 34.56266
 289	1	 35.72358	 54.39768	 106.78005
 290	1	 266.35790	 34.17338	 220.88786
 291	1	 64.60445	 142.65756	 113.19157
 292	1	 205.83903	 52.80632	 110.75318
 293	1	 128.76192	 75.20600	 146.91485
 294	1	 139.99531	 110.72724	 24.10539
 295	1	 265.08835	 43.23709	 319.91713
 296	1	 320.26774	 124.72154	 24.93761
 297	1	 92.12198	 94.87115	 351.56795
 298	1	 128.89696	 90.28259	 137.24317
 299	1	 304.35882	 84.60669	 326.40410
 300	1	 236.06651	 92.61834	 312.59111
 301	1	 24.99441	 65.61378	 113.20421
 302	1	 90.45864	 37.27756	 225.43553
 303	1	 230.67740	 108.88501	 326.89048
 304	1	 235.62632	 101.84809	 323.87587
 305	1	 356.69367	 95.99184	 274.68918
 306	1	 68.81368	 43.53545	 332.74050
 307	1	 266.35434	 91.36530	 4.24154
 308	1	 176.47752	 90.91022	 90.71858
 309	1	 265.11959	 89.25189	 177.74478
 310	1	 123.74142	 89.48554	 134.79847
 311	1	 167.14582	 174.64989	 163.13259
 312	1	 238.68641	 1.79011	 27.85342
 313	1	 123.32493	 109.12954	 306.34968
 314	1	 5.16964	 91.92100	 273.95365
 315	1	 53.40694	 75.47611	 127.06564
 316	1	 325.69334	 130.47788	 176.10461
 317	1	 61.53208	 36.44594	 148.73630
 318	1	 322.86697	 69.85388	 154.46523
 319	1	 40.35747	 114.96726	 157.92593
 320	1	 222.32915	 70.54212	 299.11565
 321	1	 310.41183	 35.23708	 294.46723
 322	1	 313.99870	 59.35530	 156.90996
 323	1	 58.52831	 139.19535	 204.55219
 324	1	 232.29594	 105.61793	 144.31146
 325	1	 216.14113	 50.42217	 273.80879
 326	1	 352.02286	 173.09866	 84.34998
 327	1	 28.90784	 134.89055	 357.17184
 328	1	 331.58143	 121.06024	 107.80277
 329	1	 292.57027	 176.78384	 115.62126
 330	1	 212.26353	 136.98103	 180.88069
 331	1	 149.85351	 61.18101	 258.18265
 332	1	 230.44702	 32.07956	 154.70247
 333	1	 233.37400	 105.10157	 325.71587
 334	1	 220.86366	 5.88957	 235.98466
 335	1	 54.08237	 70.14992	 211.70755
 336	1	 204.11542	 60.19633	 287.30724
 337	1	 88.17546	 142.09972	 315.40952
 338	1	 309.60136	 71.50228	 228.72639
 339	1	 225.33301	 110.42251	 251.38223
 340	1	 303.39043	 35.93623	 20.20313
 341	1	 258.33832	 177.21232	 261.27265
 342	1	 187.95678	 0.59824	 357.16970
 343	1	 51.46638	 72.24021	 38.42698
 344	1	 124.08676	 139.70683	 63.84125
 345	1	 213.34466	 50.53994	 357.27609
 346	1	 304.23067	 74.69011	 146.78961
 347	1	 42.76130	 116.60677	 60.51447
 348	1	 152.91096	 1.09043	 292.13764
 349	1	 24.14262	 52.53809	 197.96939
 350	1	 33.35463	 41.30266	 177.97772
 351	1	 131.66923	 82.92562	 145.07602
 352	1	 230.60502	 91.00710	 315.10407
 353	1	 297.62453	 40.29181	 25.25994
 354	1	 89.91882	 141.76140	 46.65359
 355	1	 274.20092	 90.50406	 272.56339
 356	1	 207.68136	 121.88637	 255.27543
 357	1	 323.40273	 71.74061	 243.20127
 358	1	 205.69347	 119.71369	 78.05014
 359	1	 270.29517	 85.64350	 268.33294
 360	1	 125.45801	 80.57517	 55.60421
 361	1	 127.70665	 82.57195	 233.50662
 362	1	 30.56752	 63.41164	 108.48283
 363	1	 98.88211	 175.31281	 11.87526
 364	1	 316.49418	 72.50610	 242.46170
 365	1	 235.02317	 85.97072	 309.70538
 366	1	 148.87307	 47.07862	 271.43892
 367	1	 92.38912	 88.06176	 1.39795
 368	1	 321.71875	 111.66196	 118.14890
 369	1	 307.21080	 34.82793	 294.23239
 370	1	 125.05373	 86.12048	 45.86804
 371	1	 305.21519	 70.99516	 243.88998
 372	1	 264.74387	 143.30106	 143.49109
 373	1	 267.87543	 88.19591	 267.09933
 374	1	 235.80075	 43.54600	 245.13911
 375	1	 56.14185	 69.90196	 33.71070
 376	1	 41.35219	 117.37179	 331.28249
 377	1	 203.05992	 49.89729	 110.72411
 378	1	 207.13546	 124.12808	 250.74576
 379	1	 34.78176	 47.27550	 269.59832
 380	1	 30.32894	 178.78128	 49.18384
 381	1	 74.42528	 3.38455	 288.93780
 382	1	 138.53741	 111.14038	 298.98292
 383	1	 264.83068	 141.71198	 324.69227
 384	1	 240.07444	 138.90175	 25.03347
 385	1	 330.38222	 134.64689	 358.54713
 386	1	 274.25424	 86.92961	 87.77184
 387	1	 274.40149	 37.77097	 226.49055
 388	1	 112.66175	 1.60858	 164.27403
 389	1	 133.54468	 65.25036	 62.81451
 390	1	 324.40817	 44.81143	 0.75704
 391	1	 154.48767	 55.29644	 250.24921
 392	1	 307.98390	 102.03513	 122.09970
 393	1	 305.86920	 86.20828	 137.65309
 394	1	 336.05826	 123.75056	 287.13580
 395	1	 179.72818	 99.53929	 274.23322
 396	1	 123.45690	 141.95360	 332.22472
 397	1	 308.15619	 30.51564	 124.13377
 398	1	 298.25523	 172.32444	 113.13379
 399	1	 223.67017	 179.71284	 227.45035
 400	1	 54.77489	 70.95313	 125.38383
 401	1	 228.01403	 62.55932	 291.26758
 402	1	 269.21199	 32.65544	 46.50161
 403	1	 206.91896	 59.21359	 200.13109
 404	1	 234.85395	 105.74456	 53.34449
 405	1	 266.73258	 93.55499	 269.01309
 406	1	 176.45327	 93.57024	 267.27780
 407	1	 321.72855	 132.23308	 354.36186
 408	1	 302.31410	 36.32020	 22.29895
 409	1	 211.10700	 0.07129	 61.82294
 410	1	 63.13341	 33.35891	 153.78056
 411	1	 333.81489	 124.42898	 105.02104
 412	1	 59.28625	 93.34736	 46.77809
 413	1	 274.57258	 150.29695	 313.64044
 414	1	 34.98992	 46.88558	 276.67064
 415	1	 233.17153	 147.76009	 299.31373
 416	1	 54.20934	 90.96185	 44.31738
 417	1	 238.93889	 35.09121	 243.84401
 418	1	 22.06206	 58.49628	 108.24628
 419	1	 37.91843	 67.52038	 30.12405
 420	1	 167.84115	 0.93355	 197.64014
 421	1	 238.27506	 139.68927	 208.92583
 422	1	 39.16804	 42.71603	 273.71474
 423	1	 13.63254	 60.09183	 21.25136
 424	1	 123.02119	 101.14798	 296.71524
 425	1	 222.01880	 70.24818	 31.22855
 426	1	 202.83014	 52.60640	 18.93930
 427	1	 59.38943	 146.29306	 207.37639
 428	1	 47.65209	 89.20721	 42.77256
 429	1	 306.26274	 92.84801	 133.78503
 430	1	 222.10031	 62.63951	 207.36347
 431	1	 147.13263	 66.23054	 245.67828
 432	1	 221.13179	 65.32517	 203.65055
 433	1	 359.89843	 90.65833	 90.23472
 434	1	 92.56624	 87.16225	 175.72942
 435	1	 320.34975	 63.55757	 336.48194
 436	1	 320.08349	 113.20859	 296.14586
 437	1	 144.25699	 67.53517	 149.28598
 438	1	 35.44589	 136.15217	 88.90197
 439	1	 140.21325	 71.81428	 154.68323
 440	1	 200.19292	 55.03493	 200.50737
 441	1	 40.16290	 0.69367	 135.68444
 442	1	 129.92333	 70.18968	 325.26123
 443	1	 311.11686	 75.85715	 234.89263
 444	1	 105.36889	 176.89061	 291.37657
 445	1	 320.99646	 41.11395	 269.47994
 446	1	 242.22837	 37.36667	 331.04606
 447	1	 24.33650	 178.96475	 125.85128
 448	1	 64.71391	 38.56339	 330.43276
 449	1	 130.47078	 76.75471	 141.56862
 450	1	 260.49952	 8.23379	 183.96141
 451	1	 39.01990	 48.09115	 89.02311
 452	1	 53.77464	 87.60696	 39.25094
 453	1	 207.99615	 61.74975	 20.20356
 454	1	 120.46117	 3.46322	 62.35852
 455	1	 57.95565	 48.84357	 247.89678
 456	1	 158.80981	 55.10083	 161.98516
 457	1	 25.59426	 59.07477	 296.00453
 458	1	 141.73738	 139.33252	 85.78185
 459	1	 305.55124	 76.86454	 329.85349
 460	1	 265.93034	 176.90778	 85.89601
 461	1	 55.44290	 80.15376	 217.61742
 462	1	 329.18793	 36.85730	 273.87040
 463	1	 53.17817	 88.73834	 44.05976
 464	1	 120.53366	 141.33387	 332.02512
 465	1	 218.78317	 110.03057	 245.98873
 466	1	 276.89397	 38.84113	 218.10277
 467	1	 248.23464	 172.32973	 149.38756
 468	1	 263.20160	 91.24382	 178.57781
 469	1	 21.64312	 129.41268	 250.98435
 470	1	 302.02611	 102.57235	 304.12715
 471	1	 67.43289	 1.75454	 218.29322
 472	1	 306.81890	 106.51094	 36.34877
 473	1	 153.75429	 56.20490	 252.47867
 474	1	 207.21348	 117.35874	 341.32576
 475	1	 86.72729	 1.69376	 95.09210
 476	1	 14.74105	 177.91159	 103.80381
 477	1	 92.64762	 145.20465	 232.11860
 478	1	 271.96574	 146.33014	 319.19872
 479	1	 204.51979	 65.63613	 15.75316
 480	1	 236.55368	 144.69575	 213.78116
 481	1	 304.57976	 105.83720	 121.94326
 482	1	 50.95020	 92.09205	 136.78031
 483	1	 63.36121	 29.83657	 334.82180
 484	1	 143.88921	 45.64557	 275.53033
 485	1	 148.63450	 45.85903	 274.07620
 486	1	 3.04553	 86.09570	 176.32615
 487	1	 91.25114	 143.48346	 44.39130
 488	1	 302.54289	 98.50985	 31.26822
 489	1	 111.04084	 175.61190	 196.95883
 490	1	 325.00844	 44.10728	 359.19852
 491	1	 113.70566	 147.89039	 338.20450
 492	1	 345.07177	 170.35287	 248.63040
 493	1	 299.46926	 95.91798	 221.69725
 494	1	 303.02882	 90.90361	 314.57758
 495	1	 225.55561	 118.84387	 324.64330
 496	1	 306.88041	 175.95853	 306.59713
 497	1	 359.31776	 92.54253	 271.78026
 498	1	 26.97505	 60.60202	 290.15103
 499	1	 57.03700	 31.38832	 60.22108
 500	1	 27.94335	 59.53683	 199.99914
 501	1	 215.67934	 65.31480	 295.86466
 502	1	 338.67461	 128.68969	 194.28419
 503	1	 205.21338	 179.19622	 209.40773
 504	1	 271.51555	 148.07644	 220.98803
 505	1	 235.57811	 148.05481	 29.95704
 506	1	 232.78210	 147.88801	 28.77691
 507	1	 127.25005	 68.89858	 328.44189
 508	1	 143.11545	 137.84133	 0.37444
 509	1	 25.11150	 55.08902	 283.38809
 510	1	 115.74065	 143.69833	 151.44452
 511	1	 323.67728	 137.06547	 88.85841
 512	1	 323.71559	 130.52286	 359.31005
 513	1	 233.44936	 101.22932	 323.34214
 514	1	 143.25288	 45.36163	 0.56291
 515	1	 144.30373	 136.64454	 269.95413
 516	1	 125.84562	 70.75824	 325.08905
 517	1	 158.79036	 61.10570	 344.36992
 518	1	 91.55783	 36.94014	 224.85816
 519	1	 126.13304	 85.44674	 315.30125
 520	1	 308.05724	 105.02986	 301.38951
 521	1	 238.33600	 176.45460	 48.90137
 522	1	 124.93041	 104.71863	 128.50089
 523	1	 145.11441	 134.44769	 91.25087
 524	1	 35.25927	 130.48939	 185.20576
 525	1	 234.13039	 89.99152	 217.42562
 526	1	 40.10397	 50.29026	 269.01283
 527	1	 47.60077	 72.44096	 31.90871
 528	1	 209.96101	 124.94242	 339.75197
 529	1	 45.53502	 90.04396	 138.33084
 530	1	 223.59964	 108.79463	 243.41089
 531	1	 297.17285	 0.11955	 150.08274
 532	1	 275.76924	 32.95356	 138.07877
 533	1	 229.56464	 69.83901	 203.01232
 534	1	 274.35863	 39.96018	 35.13689
 535	1	 276.80479	 38.55092	 225.84629
 536	1	 355.01124	 90.70007	 267.41700
 537	1	 87.00360	 35.61084	 139.57412
 538	1	 38.37705	 63.01666	 111.60769
 539	1	 304.53096	 89.95361	 48.02799
 540	1	 35.05008	 137.46012	 92.51932
 541	1	 241.29196	 144.03012	 23.31904
 542	1	 304.88602	 93.51898	 222.98539
 543	1	 127.16261	 79.72918	 237.80673
 544	1	 40.38833	 49.35884	 178.33099
 545	1	 223.28134	 66.12308	 206.35757
 546	1	 139.56370	 65.46489	 245.96273
 547	1	 136.26199	 179.08576	 121.45637
 548	1	 146.65026	 63.19027	 66.81172
 549	1	 206.18327	 120.28269	 159.94998
 550	1	 2.10182	 96.49902	 270.42802
 551	1	 203.08861	 117.20662	 345.94058
 552	1	 235.08875	 104.68075	 334.75268
 553	1	 154.31633	 57.38294	 250.29918
 554	1	 257.77913	 3.53313	 190.00910
 555	1	 206.17830	 54.60950	 15.98156
 556	1	 216.14315	 133.82125	 357.80020
 557	1	 310.50860	 79.67750	 150.03592
 558	1	 93.59649	 146.95707	 228.02088
 559	1	 50.73501	 2.00912	 38.86218
 560	1	 151.68088	 132.54076	 268.45643
 561	1	 128.95251	 104.58720	 304.25449
 562	1	 31.50796	 130.19151	 187.27902
 563	1	 238.61917	 141.42558	 32.75731
 564	1	 121.94463	 80.27183	 328.98252
 565	1	 312.57888	 71.52431	 151.81321
 566	1	 312.97386	 108.02862	 210.29180
 567	1	 269.02531	 179.43198	 357.41869
 568	1	 269.01592	 149.11303	 136.52778
 569	1	 193.12196	 2.78500	 164.41318
 570	1	 307.41574	 102.14547	 22.28725
 571	1	 215.59284	 136.56561	 266.36156
 572	1	 147.79261	 103.88551	 23.10639
 573	1	 314.06326	 65.60288	 325.66561
 574	1	 128.27410	 89.86299	 222.17461
 575	1	 306.56488	 37.89413	 113.49589
 576	1	 141.21669	 65.87560	 147.01443
 577	1	 27.62265	 127.82681	 341.74871
 578	1	 149.85767	 53.40603	 339.82488
 579	1	 203.80546	 50.99391	 110.66239
 580	1	 234.05539	 88.48782	 42.72799
 581	1	 51.48884	 80.39147	 29.98076
 582	1	 180.54068	 92.82819	 270.66360
 583	1	 21.47580	 122.26936	 337.47728
 584	1	 50.82335	 38.47986	 332.44145
 585	1	 61.81592	 74.37434	 30.89168
 586	1	 0.67424	 88.61674	 4.35754
 587	1	 205.90874	 58.13438	 200.20705
 588	1	 27.25134	 55.98646	 17.96975
 589	1	 32.25598	 131.35189	 178.80608
 590	1	 322.47002	 44.20949	 182.43160
 591	1	 315.57315	 71.71858	 245.07537
 592	1	 235.38430	 107.56303	 231.34162
 593	1	 203.80866	 59.29295	 22.05586
 594	1	 74.75424	 0.94919	 98.47832
 595	1	 94.66186	 143.61332	 137.00249
 596	1	 25.50169	 120.57813	 74.02171
 597	1	 143.48967	 44.50458	 352.70792
 598	1	 121.60392	 1.60748	 329.23599
 599	1	 0.34847	 91.20401	 179.56562
 600	1	 209.11324	 119.63194	 165.32700
 601	1	 59.48614	 147.77538	 292.06976
 602	1	 354.79001	 88.91697	 182.38297
 603	1	 2.35399	 176.54746	 82.29026
 604	1	 128.36201	 102.03831	 40.20167
 605	1	 127.92798	 100.35923	 34.71639
 606	1	 308.40380	 95.69807	 226.48305
 607	1	 1.06943	 83.68879	 94.68187
 608	1	 214.29890	 76.21533	 213.96591
 609	1	 61.28651	 87.76605	 45.15395
 610	1	 46.97849	 80.79537	 38.10370
 611	1	 213.97127	 45.46478	 91.54205
 612	1	 305.19165	 179.33399	 124.08147
 613	1	 133.28823	 66.46781	 153.93340
 614	1	 123.04711	 107.64546	 309.85097
 615	1	 146.76415	 2.95110	 224.70000
 616	1	 217.61896	 136.03649	 178.74950
 617	1	 229.77245	 103.45155	 54.46760
 618	1	 126.00475	 110.93547	 118.23674
 619	1	 206.08527	 46.41263	 103.70867
 620	1	 299.20429	 32.20904	 26.75356
 621	1	 210.74244	 139.57465	 269.83734
 622	1	 305.80459	 103.64798	 205.46719
 623	1	 263.50595	 4.35756	 275.44960
 624	1	 241.81471	 42.03427	 70.34280
 625	1	 242.18766	 142.77416	 294.57502
 626	1	 334.24473	 130.07964	 109.89495
 627	1	 86.61527	 142.77945	 315.59197
 628	1	 235.70554	 103.88234	 149.97959
 629	1	 51.66459	 93.10634	 136.87979
 630	1	 125.68158	 95.24360	 225.70876
 631	1	 130.65583	 73.64003	 231.96404
 632	1	 39.23219	 60.29727	 28.86030
 633	1	 307.77664	 108.98725	 119.67843
 634	1	 144.59651	 48.00616	 268.69730
 635	1	 243.12689	 39.96177	 243.14650
 636	1	 215.62076	 137.58302	 269.76493
 637	1	 285.87258	 0.49626	 254.35257
 638	1	 50.99201	 96.87580	 313.90193
 639	1	 271.85280	 146.18849	 45.07217
 640	1	 223.68966	 173.84648	 222.83990
 641	1	 349.51329	 7.49134	 184.48526
 642	1	 142.56532	 179.71840	 321.43757
 643	1	 326.69460	 50.08211	 270.48890
 644	1	 190.98693	 0.61139	 159.99838
 645	1	 237.74259	 139.41865	 299.70337
 646	1	 242.23598	 139.05493	 20.14053
 647	1	 240.87879	 144.44079	 117.78256
 648	1	 242.48257	 140.95822	 118.82732
 649	1	 123.79062	 89.28748	 44.11412
 650	1	 136.82411	 118.08551	 115.37411
 651	1	 242.28008	 131.41529	 206.49035
 652	1	 268.14297	 35.88091	 48.07695
 653	1	 177.06921	 84.76925	 93.90657
 654	1	 142.45554	 63.50604	 64.49970
 655	1	 41.00773	 116.30473	 330.04935
 656	1	 59.23984	 153.25056	 294.30535
 657	1	 212.13983	 44.00745	 266.09983
 658	1	 313.30059	 102.70304	 34.38409
 659	1	 331.97918	 125.91903	 294.03647
 660	1	 326.55235	 48.83364	 0.81774
 661	1	 88.70544	 98.54906	 89.07695
 662	1	 136.39030	 107.54434	 115.33782
 663	1	 22.22393	 179.93473	 117.19068
 664	1	 220.99284	 61.58416	 27.98545
 665	1	 211.22027	 123.78251	 76.86531
 666	1	 111.19459	 0.27279	 66.16535
 667	1	 221.86594	 68.78343	 209.49291
 668	1	 235.62519	 102.60602	 139.33399
 669	1	 327.33759	 124.99768	 104.63512
 670	1	 29.95817	 56.62423	 203.62099
 671	1	 30.97799	 116.44285	 156.38337
 672	1	 33.14298	 57.63467	 114.28546
 673	1	 321.26850	 112.46043	 209.78131
 674	1	 142.87485	 41.36086	 358.79362
 675	1	 217.61790	 45.66680	 178.92064
 676	1	 269.39246	 143.27523	 227.52818
 677	1	 93.42798	 87.20516	 182.42243
 678	1	 54.03026	 176.15670	 50.81704
 679	1	 304.73225	 81.22366	 58.02547
 680	1	 276.07395	 177.14777	 4.18993
 681	1	 146.07793	 134.97917	 86.47417
 682	1	 139.21582	 107.85008	 21.77892
 683	1	 55.18633	 142.45330	 296.77339
 684	1	 92.96537	 90.13901	 93.78287
 685	1	 89.38184	 37.42368	 137.34976
 686	1	 121.28590	 6.80596	 52.50521
 687	1	 3.31402	 84.91036	 92.69472
 688	1	 233.71394	 88.93227	 38.28591
 689	1	 29.99508	 121.23263	 68.94919
 690	1	 40.53607	 115.61228	 334.88580
 691	1	 24.22604	 113.86810	 338.67108
 692	1	 237.58177	 105.31970	 147.31153
 693	1	 267.54733	 86.03906	 5.05173
 694	1	 309.38175	 109.50974	 127.95116
 695	1	 142.94171	 53.61191	 273.80045
 696	1	 26.11338	 123.13209	 72.56307
 697	1	 27.66785	 130.56452	 162.04387
 698	1	 121.75479	 179.03868	 302.16872
 699	1	 324.29315	 65.67251	 238.36838
 700	1	 322.71099	 139.11755	 270.74005
 701	1	 231.35511	 90.71915	 316.73053
 702	1	 55.98280	 95.12521	 129.18828
 703	1	 38.15637	 117.77204	 68.98630
 704	1	 229.21735	 92.44592	 39.32128
 705	1	 300.94391	 113.08862	 128.36551
 706	1	 96.08783	 173.94688	 7.27501
 707	1	 145.00448	 48.70881	 3.51464
 708	1	 154.68569	 57.66877	 244.79906
 709	1	 231.21372	 99.96607	 227.62827
 710	1	 267.10807	 177.11378	 175.13364
 711	1	 323.75247	 43.02433	 265.86950
 712	1	 63.80763	 31.96331	 148.17483
 713	1	 93.92592	 143.58875	 224.61476
 714	1	 123.06689	 104.34463	 39.69339
 715	1	 238.40221	 145.13745	 115.57360
 716	1	 328.83787	 129.03921	 289.49522
 717	1	 316.70176	 177.32154	 221.94702
 718	1	 89.10764	 87.55465	 274.90864
 719	1	 13.15560	 175.63430	 14.07738
 720	1	 228.91429	 105.57614	 320.71004
 721	1	 272.66778	 146.60404	 318.47129
 722	1	 235.93296	 110.63381	 323.25587
 723	1	 34.43791	 110.64663	 244.50990
 724	1	 238.88401	 37.70158	 72.10137
 725	1	 40.90210	 63.83501	 20.50823
 726	1	 141.89740	 41.01825	 180.37295
 727	1	 86.22794	 179.56264	 345.90186
 728	1	 146.43384	 63.74589	 243.60689
 729	1	 2.99961	 90.17377	 87.68576
 730	1	 118.24746	 88.93628	 317.15453
 731	1	 91.98763	 35.75668	 133.73631
 732	1	 305.23097	 66.99977	 233.57023
 733	1	 145.52467	 46.12410	 272.66663
 734	1	 128.67775	 113.83972	 38.30111
 735	1	 25.52626	 124.39224	 346.38196
 736	1	 324.65188	 48.63249	 180.07779
 737	1	 200.16919	 179.26275	 121.42190
 738	1	 38.75157	 48.55948	 4.60947
 739	1	 130.87193	 84.18794	 230.81049
 740	1	 232.15311	 101.62314	 155.03932
 741	1	 40.01097	 108.65323	 67.36584
 742	1	 150.56799	 67.06680	 253.59339
 743	1	 324.23500	 3.36830	 38.18828
 744	1	 129.16027	 100.37337	 207.10820
 745	1	 124.46786	 147.12678	 248.05938
 746	1	 131.59083	 76.47370	 331.05067
 747	1	 177.79766	 179.08005	 269.65715
 748	1	 323.99204	 45.62120	 0.88468
 749	1	 264.59015	 36.44456	 40.10579
 750	1	 49.80024	 78.06092	 41.63565
 751	1	 134.73909	 110.58052	 26.64810
 752	1	 160.78502	 62.59375	 74.69445
 753	1	 272.05883	 148.85153	 316.92383
 754	1	 41.17307	 113.04630	 242.71250
 755	1	 235.88858	 90.80962	 225.12814
 756	1	 324.89445	 46.45932	 180.60330
 757	1	 323.23508	 133.78996	 179.13525
 758	1	 318.75462	 70.25307	 329.50708
 759	1	 213.65557	 113.39179	 243.33660
 760	1	 298.40711	 32.81569	 117.96988
 761	1	 226.95134	 95.55498	 314.02172
 762	1	 318.90090	 132.73406	 2.87011
 763	1	 56.11093	 137.00993	 208.32991
 764	1	 233.01483	 101.68236	 52.64932
 765	1	 54.45440	 136.71436	 295.13378
 766	1	 33.87975	 44.26174	 179.49514
 767	1	 153.39369	 5.48398	 201.88895
 768	1	 244.68172	 39.73047	 243.37351
 769	1	 123.97857	 107.09890	 29.75088
 770	1	 135.71160	 67.58212	 239.04821
 771	1	 30.63163	 134.14542	 1.62397
 772	1	 144.40127	 136.45235	 175.20844
 773	1	 215.86563	 137.07129	 1.94564
 774	1	 132.90133	 104.29752	 35.54677
 775	1	 303.91508	 42.54884	 118.24864
 776	1	 86.80978	 94.05343	 89.03385
 777	1	 306.61562	 95.55290	 134.37365
 778	1	 215.89091	 68.62008	 216.49360
 779	1	 173.38957	 93.85263	 178.34928
 780	1	 52.87487	 41.25667	 149.21952
 781	1	 138.86358	 36.96224	 183.64136
 782	1	 54.13009	 137.25134	 207.01668
 783	1	 119.26987	 2.66264	 332.93360
 784	1	 25.31994	 119.27000	 339.90374
 785	1	 35.69191	 137.73302	 358.75212
 786	1	 208.82842	 112.20751	 160.43138
 787	1	 93.37638	 92.49455	 186.55339
 788	1	 92.07500	 150.04011	 46.66934
 789	1	 322.48078	 61.82226	 338.90501
 790	1	 131.11534	 115.11467	 302.84143
 791	1	 51.44938	 70.55155	 124.98372
 792	1	 152.70384	 55.66086	 159.29494
 793	1	 340.94031	 177.90170	 344.54497
 794	1	 216.24363	 140.54147	 90.14919
 795	1	 215.32028	 39.82936	 0.04888
 796	1	 226.50285	 107.47389	 54.69649
 797	1	 25.95812	 116.42959	 252.58475
 798	1	 5.47348	 1.85411	 354.25241
 799	1	 122.24544	 85.48216	 224.68541
 800	1	 209.14714	 53.90236	 18.37008
 801	1	 216.11383	 59.10995	 110.23350
 802	1	 128.60405	 93.23136	 313.46150
 803	1	 143.81529	 44.27260	 6.49320
 804	1	 26.54011	 123.86162	 72.63260
 805	1	 324.97591	 135.81873	 359.10431
 806	1	 305.41511	 73.34851	 50.07172
 807	1	 217.16854	 137.04598	 265.57915
 808	1	 266.51007	 145.78756	 225.03074
 809	1	 11.89706	 2.43032	 261.83898
 810	1	 173.90614	 1.38727	 91.90287
 811	1	 320.71136	 120.47975	 31.76398
 812	1	 24.65311	 126.35052	 343.17363
 813	1	 141.62131	 137.36592	 180.10518
 814	1	 158.26505	 53.11957	 70.15893
 815	1	 53.09483	 98.39072	 317.89871
 816	1	 279.99716	 3.87380	 72.79243
 817	1	 36.30792	 67.15011	 208.30655
 818	1	 120.21616	 140.00604	 152.61194
 819	1	 322.57495	 41.67458	 0.61614
 820	1	 40.69700	 45.03708	 271.12740
 821	1	 135.76875	 60.32320	 65.15892
 822	1	 31.25646	 46.00176	 96.57382
 823	1	 124.03245	 95.39760	 320.05813
 824	1	 52.81051	 87.66722	 226.67494
 825	1	 315.62230	 116.96223	 26.38001
 826	1	 53.16682	 142.34586	 293.60631
 827	1	 241.06280	 89.78783	 225.05270
 828	1	 217.15551	 113.57754	 69.08826
 829	1	 321.60205	 44.43444	 357.83167
 830	1	 34.76425	 129.56224	 357.69717
 831	1	 323.80418	 125.00693	 284.81452
 832	1	 121.40324	 3.91997	 57.94409
 833	1	 23.74185	 63.04160	 104.42109
 834	1	 88.07296	 152.65127	 306.70388
 835	1	 236.24167	 140.83264	 207.04502
 836	1	 173.69016	 87.72650	 0.80431
 837	1	 320.35847	 62.86146	 334.08709
 838	1	 94.44262	 93.74673	 85.04640
 839	1	 124.28769	 138.62248	 331.34744
 840	1	 54.64127	 135.35538	 201.02218
 841	1	 121.75735	 92.78209	 224.30886
 842	1	 132.49841	 82.40160	 54.41950
 843	1	 272.60312	 31.20164	 313.40444
 844	1	 151.35468	 139.87686	 85.19581
 845	1	 56.90884	 89.74034	 228.72157
 846	1	 308.13335	 35.47270	 23.54577
 847	1	 303.09697	 96.18194	 50.99424
 848	1	 125.67748	 111.16854	 119.99556
 849	1	 332.88167	 126.85219	 107.08768
 850	1	 56.22503	 68.18590	 35.22572
 851	1	 137.65664	 109.31585	 23.41836
 852	1	 136.27786	 67.71241	 337.27562
 853	1	 356.55317	 88.05389	 98.23471
 854	1	 63.38343	 142.69523	 34.99344
 855	1	 131.61595	 108.89665	 303.34506
 856	1	 184.71014	 176.80132	 97.21453
 857	1	 44.95238	 114.56863	 251.96899
 858	1	 236.87483	 87.97411	 313.85555
 859	1	 340.03430	 120.08969	 103.90381
 860	1	 234.15209	 104.18698	 234.96439
 861	1	 195.72925	 0.85204	 346.65234
 862	1	 23.12227	 123.84143	 250.10108
 863	1	 338.20339	 1.76865	 196.49038
 864	1	 221.11486	 61.94777	 205.67744
 865	1	 117.85218	 138.36355	 246.47166
 866	1	 219.93025	 139.45094	 3.72241
 867	1	 60.91000	 143.35349	 118.88633
 868	1	 67.29234	 34.16473	 249.89401
 869	1	 39.62214	 108.60829	 155.51169
 870	1	 306.41475	 103.19185	 301.34903
 871	1	 235.06658	 146.48007	 117.87244
 872	1	 49.94411	 75.54677	 120.77945
 873	1	 329.04891	 3.58625	 304.80104
 874	1	 43.56045	 58.56470	 26.76693
 875	1	 333.46629	 123.42839	 293.05399
 876	1	 233.23773	 99.49298	 141.14814
 877	1	 110.84475	 178.12280	 198.77580
 878	1	 31.21570	 48.96330	 179.01453
 879	1	 212.31880	 42.66204	 272.42356
 880	1	 146.04004	 138.53342	 359.22170
 881	1	 54.12526	 78.95596	 216.00030
 882	1	 296.35788	 34.13078	 24.67340
 883	1	 318.16084	 62.59929	 248.49002
 884	1	 28.93410	 123.37829	 251.97993
 885	1	 209.23762	 127.65664	 261.85047
 886	1	 27.50978	 123.81419	 333.35125
 887	1	 270.56843	 29.85677	 45.41280
 888	1	 57.20808	 31.27197	 335.02783
 889	1	 128.31926	 107.58590	 299.69092
 890	1	 51.44366	 77.55682	 31.89397
 891	1	 54.75292	 141.71796	 31.96035
 892	1	 316.85245	 113.41502	 28.09967
 893	1	 154.50184	 57.27570	 77.44343
 894	1	 231.99174	 146.86298	 27.33267
 895	1	 39.29741	 7.52359	 228.49180
 896	1	 39.92853	 0.00118	 226.60268
 897	1	 238.10609	 89.70231	 136.22855
 898	1	 131.74970	 72.08737	 57.61987
 899	1	 32.81675	 70.93163	 118.74737
 900	1	 215.98538	 119.61700	 239.52399
 901	1	 352.44996	 91.10662	 271.44587
 902	1	 269.28629	 148.89199	 133.50071
 903	1	 358.16867	 90.97112	 2.42324
 904	1	 234.38942	 91.04177	 46.40702
 905	1	 319.68884	 75.64912	 235.50424
 906	1	 264.74215	 35.70332	 313.60564
 907	1	 125.65725	 70.30903	 330.02924
 908	1	 149.23019	 37.41781	 93.57478
 909	1	 238.58199	 89.37416	 222.29232
 910	1	 235.26150	 137.85162	 121.75399
 911	1	 69.53843	 171.39202	 79.36415
 912	1	 268.99752	 37.44158	 46.23779
 913	1	 214.80209	 40.53319	 1.00519
 914	1	 209.83792	 58.46876	 288.84766
 915	1	 243.29469	 142.64999	 114.94184
 916	1	 140.26574	 114.12834	 211.17066
 917	1	 318.99541	 174.73822	 39.85269
 918	1	 49.16363	 68.51494	 38.72266
 919	1	 36.79382	 46.80148	 88.91287
 920	1	 53.87296	 93.89248	 51.47209
 921	1	 138.68991	 118.92810	 29.26191
 922	1	 143.71468	 65.47055	 341.49076
 923	1	 331.61081	 177.78582	 324.60395
 924	1	 315.72885	 179.43193	 219.76297
 925	1	 126.67190	 103.65477	 128.24130
 926	1	 40.88159	 68.58709	 23.17769
 927	1	 188.02888	 171.65932	 5.94773
 928	1	 301.48080	 86.57383	 225.07457
 929	1	 310.54397	 3.96655	 137.52423
 930	1	 153.88085	 59.35632	 349.86018
 931	1	 301.81288	 103.82437	 29.65665
 932	1	 126.43854	 93.07584	 44.45612
 933	1	 205.73881	 120.78854	 159.00538
 934	1	 181.56388	 91.00508	 264.40518
 935	1	 119.94879	 145.89759	 153.87816
 936	1	 27.71159	 120.64003	 341.51527
 937	1	 199.26396	 112.52930	 159.54778
 938	1	 260.23624	 93.00222	 0.18902
 939	1	 129.73367	 70.80179	 233.06878
 940	1	 56.64316	 39.65020	 242.84719
 941	1	 10.01495	 97.71736	 181.87516
 942	1	 38.76341	 66.97308	 106.43071
 943	1	 329.72765	 118.22903	 284.41971
 944	1	 209.72505	 132.42586	 251.08864
 945	1	 265.28855	 88.21199	 179.94884
 946	1	 271.05686	 147.42768	 44.75391
 947	1	 264.63676	 146.51437	 229.62738
 948	1	 208.89965	 130.70340	 161.97454
 949	1	 338.05502	 5.47961	 109.54196
 950	1	 55.72120	 74.82707	 301.27060
 951	1	 150.49792	 56.46642	 341.96734
 952	1	 145.37609	 130.79974	 177.30124
 953	1	 140.04414	 64.80007	 146.69365
 954	1	 30.67939	 38.92164	 263.26549
 955	1	 95.30932	 40.53482	 222.42407
 956	1	 204.06067	 56.24085	 285.05504
 957	1	 58.90233	 40.24042	 330.81237
 958	1	 58.80645	 143.12578	 24.12660
 959	1	 130.25646	 1.43111	 315.35891
 960	1	 17.96443	 0.18920	 247.23426
 961	1	 42.15166	 119.86255	 58.06519
 962	1	 268.08474	 2.62523	 190.19488
 963	1	 56.89132	 74.36143	 122.49456
 964	1	 233.49187	 87.91121	 318.51360
 965	1	 315.23645	 68.99021	 59.59646
 966	1	 52.53836	 148.49709	 300.81763
 967	1	 239.51492	 31.66775	 333.66303
 968	1	 51.64384	 154.95179	 205.43495
 969	1	 319.19784	 66.33734	 333.97000
 970	1	 149.30983	 44.62555	 88.19908
 971	1	 266.58624	 89.98477	 175.31270
 972	1	 55.26823	 73.97611	 26.19725
 973	1	 234.96005	 139.72865	 296.60291
 974	1	 239.48182	 143.81664	 30.38297
 975	1	 126.80254	 137.65359	 63.69637
 976	1	 57.03615	 142.43252	 119.47439
 977	1	 238.55993	 40.10853	 58.26220
 978	1	 214.12783	 65.05142	 203.80951
 979	1	 237.30571	 39.07671	 247.78726
 980	1	 319.94998	 110.33045	 299.32763
 981	1	 206.56105	 63.98556	 192.62154
 982	1	 205.61804	 123.32994	 169.85911
 983	1	 207.58085	 120.95062	 64.53724
 984	1	 322.26321	 116.16018	 205.41779
 985	1	 143.17486	 45.24227	 178.66474
 986	1	 212.97204	 110.00746	 154.88533
 987	1	 299.89274	 36.26473	 23.80106
 988	1	 308.44272	 107.52329	 215.95367
 989	1	 88.13694	 146.92869	 42.10799
 990	1	 331.01441	 119.93979	 107.80781
 991	1	 147.16305	 45.72631	 269.43703
 992	1	 236.52703	 106.50067	 237.97111
 993	1	 225.50419	 113.32820	 148.42894
 994	1	 321.98126	 44.08081	 268.49876
 995	1	 329.78856	 128.72692	 265.31434
 996	1	 146.53989	 59.34718	 163.56934
 997	1	 316.06912	 177.35127	 43.27060
 998	1	 216.56087	 133.31403	 359.58311
 999	1	 320.73258	 114.29004	 208.77400
1000	1	 124.43594	 108.06747	 298.01323
