   1	1	 274.99718	 86.58883	 227.03716
   2	1	 321.92398	 47.98563	 91.40681
   3	1	 123.78463	 92.19067	 42.75554
   4	1	 273.34231	 86.63197	 3.20629
   5	1	 319.05325	 5.88561	 304.45923
   6	1	 59.31006	 76.01835	 32.80166
   7	1	 84.15130	 1.56591	 9.12104
   8	1	 249.06216	 4.03271	 284.76439
   9	1	 323.92046	 175.29212	 318.05773
  10	1	 172.42917	 0.83153	 3.08729
  11	1	 218.65199	 132.50442	 265.08122
  12	1	 59.82790	 32.82558	 241.54494
  13	1	 328.55026	 138.63158	 357.43193
  14	1	 42.59397	 133.94073	 173.34987
  15	1	 321.67287	 70.92718	 152.57297
  16	1	 264.03939	 31.43911	 224.69206
  17	1	 177.59812	 140.55842	 92.69739
  18	1	 308.83253	 93.31357	 136.63921
  19	1	 30.41875	 134.76113	 82.43232
  20	1	 231.99216	 109.89616	 322.65078
  21	1	 215.00076	 115.42296	 331.32174
  22	1	 218.85390	 136.58040	 86.67455
  23	1	 177.57754	 39.06376	 181.61847
  24	1	 274.11835	 89.96028	 0.80565
  25	1	 299.68370	 37.17349	 116.07274
  26	1	 221.69732	 68.16821	 114.08911
  27	1	 133.10705	 3.22864	 130.93835
  28	1	 2.82010	 130.07416	 179.84748
  29	1	 271.68192	 32.27336	 314.02353
  30	1	 318.09382	 112.68097	 117.72135
  31	1	 216.09301	 46.45654	 270.00675
  32	1	 145.28587	 135.44602	 89.84527
  33	1	 141.43069	 115.14518	 120.32749
  34	1	 89.95736	 92.53735	 220.69773
  35	1	 180.53094	 47.57241	 1.33464
  36	1	 181.26607	 128.19950	 91.23564
  37	1	 234.80621	 34.46611	 155.32983
  38	1	 305.18379	 89.80314	 41.93668
  39	1	 126.89715	 148.32872	 154.99332
  40	1	 57.46891	 91.36388	 314.19609
  41	1	 263.67856	 88.78626	 311.11318
  42	1	 143.27178	 63.90129	 154.94100
  43	1	 90.25391	 89.28200	 316.31468
  44	1	 234.34929	 102.12521	 329.08523
  45	1	 233.89781	 37.88248	 336.14386
  46	1	 323.85850	 63.45401	 330.22027
  47	1	 2.40540	 93.37347	 268.92624
  48	1	 320.27685	 40.70429	 276.65504
  49	1	 178.31531	 40.79473	 269.34942
  50	1	 54.79892	 70.73765	 307.16324
  51	1	 320.95684	 138.49913	 271.78127
  52	1	 323.97138	 133.37747	 268.62973
  53	1	 269.76587	 96.22916	 219.75184
  54	1	 231.50090	 34.60811	 336.04151
  55	1	 60.10202	 41.25220	 146.76198
  56	1	 178.73296	 42.22923	 86.35201
  57	1	 40.04880	 63.27184	 22.41736
  58	1	 60.22889	 73.25994	 303.36368
  59	1	 58.07314	 89.46227	 46.06054
  60	1	 48.39989	 90.31910	 138.50985
  61	1	 43.85777	 63.13929	 208.28700
  62	1	 25.88364	 178.44071	 307.45764
  63	1	 308.48071	 110.38437	 125.29521
  64	1	 245.71529	 177.44986	 63.65906
  65	1	 207.87790	 123.90006	 71.00379
  66	1	 272.99220	 97.29202	 314.41991
  67	1	 326.42366	 44.07864	 273.60978
  68	1	 236.55824	 142.09524	 26.58731
  69	1	 88.98678	 138.94837	 320.81922
  70	1	 168.38170	 7.07892	 94.41507
  71	1	 55.94502	 86.70821	 225.81727
  72	1	 324.50537	 69.17869	 65.52851
  73	1	 305.32072	 84.30191	 47.93496
  74	1	 91.66406	 144.84554	 228.91705
  75	1	 180.85266	 43.18074	 5.56935
  76	1	 126.14562	 71.93512	 326.52653
  77	1	 90.61997	 88.63106	 310.58175
  78	1	 176.03681	 43.98687	 270.05657
  79	1	 311.68220	 87.43396	 308.09460
  80	1	 28.79556	 55.15294	 105.11847
  81	1	 169.88539	 177.84208	 356.70307
  82	1	 305.57911	 87.46673	 47.28301
  83	1	 87.97903	 39.05879	 138.38935
  84	1	 81.67408	 176.91979	 170.67359
  85	1	 90.29380	 95.19929	 225.35790
  86	1	 93.47613	 149.38201	 134.81450
  87	1	 140.64238	 59.26352	 153.04350
  88	1	 321.07512	 47.14600	 91.82049
  89	1	 210.66857	 41.94618	 357.92359
  90	1	 195.58571	 179.57447	 22.65176
  91	1	 136.39064	 118.07098	 25.35088
  92	1	 180.45606	 84.14927	 89.42924
  93	1	 155.22735	 178.23658	 330.30027
  94	1	 3.75226	 91.85436	 359.47485
  95	1	 359.60881	 139.78753	 87.61342
  96	1	 146.25194	 40.48555	 181.23283
  97	1	 42.80537	 61.22986	 294.86228
  98	1	 203.24619	 122.50629	 343.49830
  99	1	 56.17525	 78.07930	 302.14608
 100	1	 3.12172	 179.12459	 275.03539
 101	1	 272.05837	 83.88877	 320.25471
 102	1	 236.07153	 32.74434	 335.52596
 103	1	 111.73699	 179.61231	 208.46929
 104	1	 358.39383	 138.08368	 181.96416
 105	1	 319.66740	 64.97907	 336.96277
 106	1	 270.47076	 146.23340	 129.44628
 107	1	 213.71924	 40.69201	 90.01234
 108	1	 273.16475	 88.62024	 268.10456
 109	1	 33.18625	 43.41331	 1.47065
 110	1	 357.56096	 91.51096	 4.19997
 111	1	 121.69976	 105.41507	 121.75542
 112	1	 139.15221	 131.35843	 88.34137
 113	1	 40.06671	 37.64856	 265.97743
 114	1	 177.47617	 54.77901	 355.11694
 115	1	 270.54410	 175.05619	 271.58208
 116	1	 334.57778	 119.52212	 287.17273
 117	1	 124.55894	 91.84677	 224.57224
 118	1	 241.72860	 140.05606	 121.13578
 119	1	 140.41141	 113.47814	 114.95548
 120	1	 233.16893	 103.53332	 325.35862
 121	1	 59.38861	 92.52221	 310.83602
 122	1	 205.32913	 122.94995	 248.12120
 123	1	 274.86098	 93.63510	 48.38208
 124	1	 132.28398	 105.11241	 295.21587
 125	1	 219.16051	 67.59185	 117.44845
 126	1	 4.87038	 47.56272	 356.68390
 127	1	 176.17004	 91.89978	 178.08180
 128	1	 316.56101	 70.67141	 245.47606
 129	1	 144.05491	 48.10554	 265.37711
 130	1	 141.80824	 63.45986	 66.27581
 131	1	 141.44302	 113.00059	 28.58154
 132	1	 359.48533	 85.07826	 357.26037
 133	1	 353.50560	 47.99372	 358.37078
 134	1	 127.59021	 91.37274	 314.94725
 135	1	 270.46690	 83.14028	 84.99595
 136	1	 61.56468	 34.99922	 66.76100
 137	1	 183.32223	 43.24547	 270.58254
 138	1	 235.33327	 100.37225	 235.03855
 139	1	 212.88451	 114.17680	 329.39337
 140	1	 263.80994	 86.52605	 270.41141
 141	1	 233.16010	 92.50187	 311.39703
 142	1	 0.57792	 47.56725	 273.85857
 143	1	 208.19548	 138.66729	 88.81558
 144	1	 85.40526	 177.45667	 271.30154
 145	1	 4.65983	 43.26209	 275.21349
 146	1	 55.08458	 88.08671	 135.02719
 147	1	 143.20459	 44.34595	 92.96938
 148	1	 142.63903	 106.05578	 292.39538
 149	1	 234.58632	 101.97515	 232.49668
 150	1	 37.21512	 1.15405	 322.45349
 151	1	 184.13739	 137.11684	 355.65468
 152	1	 31.38208	 110.61698	 61.17552
 153	1	 179.83077	 129.21510	 0.82653
 154	1	 173.10948	 44.22635	 275.22688
 155	1	 237.51559	 89.15395	 136.47317
 156	1	 93.77934	 86.40473	 46.60558
 157	1	 273.51613	 87.68569	 320.55559
 158	1	 303.58958	 42.00583	 200.93951
 159	1	 86.56962	 94.41071	 277.74167
 160	1	 173.19208	 42.10665	 178.35059
 161	1	 1.45640	 84.86506	 90.82637
 162	1	 258.19507	 92.83514	 134.72627
 163	1	 28.27108	 129.92977	 343.06721
 164	1	 141.36524	 52.71977	 1.23496
 165	1	 233.02654	 103.43724	 56.37897
 166	1	 185.01653	 134.45140	 177.97446
 167	1	 266.33034	 90.22610	 220.67009
 168	1	 184.02486	 39.50575	 358.61500
 169	1	 320.52342	 143.74695	 269.95832
 170	1	 219.33927	 45.79450	 91.90544
 171	1	 88.33171	 88.04596	 97.55528
 172	1	 349.86632	 94.51086	 268.72420
 173	1	 240.14214	 138.86971	 295.33084
 174	1	 142.10194	 109.05015	 21.49390
 175	1	 156.51592	 61.59823	 341.20761
 176	1	 238.13794	 85.22197	 130.27273
 177	1	 94.66430	 85.15106	 125.09584
 178	1	 356.01477	 40.99615	 356.17300
 179	1	 36.01752	 45.89478	 92.37028
 180	1	 51.64409	 73.49923	 216.03683
 181	1	 317.85437	 113.85287	 209.26833
 182	1	 176.95108	 42.10438	 94.57010
 183	1	 88.71621	 83.24155	 225.14629
 184	1	 87.13705	 91.47259	 91.59683
 185	1	 195.72272	 174.35494	 10.84969
 186	1	 89.75753	 141.39263	 219.13158
 187	1	 180.35703	 53.34417	 178.29623
 188	1	 50.27357	 73.30501	 213.45221
 189	1	 181.80889	 137.36240	 357.97053
 190	1	 310.38448	 103.97387	 303.60456
 191	1	 332.10426	 119.04314	 104.52340
 192	1	 148.31751	 58.41055	 71.92135
 193	1	 147.50300	 135.14458	 270.05329
 194	1	 176.60852	 135.15726	 268.34609
 195	1	 35.96314	 68.83616	 28.19142
 196	1	 33.99509	 133.38290	 269.69634
 197	1	 88.92297	 147.57560	 45.68471
 198	1	 183.88308	 96.87801	 176.93334
 199	1	 268.39613	 99.45814	 85.96216
 200	1	 52.28917	 74.13583	 36.81007
 201	1	 217.45818	 135.76178	 182.36494
 202	1	 238.91586	 36.28254	 327.85934
 203	1	 270.21103	 95.85568	 42.81143
 204	1	 318.09227	 69.14937	 331.44361
 205	1	 158.59681	 57.62442	 73.20734
 206	1	 268.62913	 94.43320	 133.22488
 207	1	 233.10550	 90.40571	 220.22450
 208	1	 182.60979	 41.67491	 91.75763
 209	1	 158.88356	 0.11483	 100.42172
 210	1	 173.15949	 47.39229	 358.29904
 211	1	 176.98558	 89.65714	 90.14208
 212	1	 144.51017	 127.20280	 180.81870
 213	1	 269.43825	 31.51165	 136.29352
 214	1	 357.72208	 49.55024	 182.32560
 215	1	 240.81768	 176.86513	 334.67274
 216	1	 193.62972	 170.29883	 290.66538
 217	1	 37.57511	 137.43287	 263.33349
 218	1	 300.24626	 33.75249	 292.28025
 219	1	 183.22437	 86.84981	 274.41465
 220	1	 1.77231	 136.53491	 272.15811
 221	1	 127.12527	 107.92060	 307.83040
 222	1	 217.76502	 67.95584	 23.77507
 223	1	 322.81203	 110.33089	 205.76837
 224	1	 267.92676	 144.55183	 137.67294
 225	1	 264.60604	 147.52656	 47.68337
 226	1	 94.96601	 29.99814	 138.54616
 227	1	 305.94657	 39.54230	 117.35335
 228	1	 49.49658	 179.28130	 321.47938
 229	1	 135.52052	 175.12791	 215.60739
 230	1	 39.52082	 63.65325	 23.61327
 231	1	 27.04137	 64.98969	 23.09513
 232	1	 305.74633	 1.08717	 51.84794
 233	1	 179.73330	 87.08000	 269.18947
 234	1	 233.31125	 109.33140	 235.27054
 235	1	 287.79652	 176.44058	 20.56473
 236	1	 314.84010	 115.02879	 293.88500
 237	1	 338.15722	 118.62552	 192.54579
 238	1	 183.60367	 134.12286	 1.27747
 239	1	 91.15931	 90.53132	 131.71872
 240	1	 265.01756	 84.00622	 217.64130
 241	1	 37.38230	 67.43879	 117.64547
 242	1	 300.38769	 104.26382	 123.43143
 243	1	 158.78514	 1.70306	 289.55223
 244	1	 269.59719	 99.71796	 43.91003
 245	1	 125.84746	 93.21591	 228.74611
 246	1	 179.72289	 88.86112	 188.40017
 247	1	 214.60762	 113.37033	 155.89690
 248	1	 222.41247	 111.67477	 153.16273
 249	1	 59.03281	 33.94784	 336.17135
 250	1	 120.54071	 87.03616	 220.83966
 251	1	 272.74507	 42.79327	 229.06766
 252	1	 125.26370	 113.09382	 303.90831
 253	1	 271.33693	 149.20697	 313.70015
 254	1	 138.15973	 177.02093	 233.60925
 255	1	 143.39190	 137.18456	 90.85477
 256	1	 235.18838	 103.54473	 147.86696
 257	1	 41.16651	 65.02064	 206.99848
 258	1	 146.65891	 137.91117	 86.61559
 259	1	 320.88149	 137.39653	 359.59413
 260	1	 136.31923	 108.64306	 114.84816
 261	1	 56.27276	 87.56038	 133.45530
 262	1	 177.92728	 173.17128	 2.28022
 263	1	 22.85366	 57.07314	 197.13160
 264	1	 57.45935	 91.46608	 51.45148
 265	1	 2.07372	 139.21806	 357.16669
 266	1	 0.71601	 137.47873	 180.92198
 267	1	 264.32895	 142.53314	 224.56532
 268	1	 357.33368	 128.11468	 272.72404
 269	1	 320.62555	 116.99024	 113.43898
 270	1	 88.26945	 147.11719	 316.49247
 271	1	 90.91620	 175.24122	 176.15279
 272	1	 218.30158	 4.53372	 230.64898
 273	1	 145.61717	 44.00922	 265.64856
 274	1	 175.36201	 92.30436	 276.98941
 275	1	 88.40470	 89.09451	 42.46570
 276	1	 245.19671	 38.35224	 342.35257
 277	1	 209.66924	 133.39257	 271.16933
 278	1	 58.56089	 77.24814	 308.38167
 279	1	 316.59551	 65.87630	 148.02614
 280	1	 211.64188	 42.57117	 270.70672
 281	1	 61.45822	 148.32450	 24.55436
 282	1	 34.21314	 135.99061	 179.82384
 283	1	 355.44657	 89.54449	 83.60469
 284	1	 234.86929	 84.78641	 317.09822
 285	1	 141.40379	 62.72135	 334.29141
 286	1	 173.27733	 138.18557	 1.47736
 287	1	 210.64211	 57.56565	 109.47268
 288	1	 342.04634	 177.82754	 245.94467
 289	1	 48.44594	 176.40736	 139.08651
 290	1	 270.68170	 92.53666	 319.08370
 291	1	 319.74688	 115.53562	 113.92235
 292	1	 222.77857	 109.57740	 243.42122
 293	1	 93.51692	 144.73737	 230.02514
 294	1	 214.64351	 132.20460	 180.69786
 295	1	 335.14374	 122.51828	 200.02994
 296	1	 90.08663	 38.22757	 44.23528
 297	1	 213.76447	 107.15155	 329.97463
 298	1	 51.73235	 73.56339	 120.67375
 299	1	 184.17980	 92.61671	 354.43973
 300	1	 172.55172	 45.48567	 265.89556
 301	1	 74.58987	 1.46996	 281.69405
 302	1	 166.68332	 178.20983	 257.55209
 303	1	 213.65821	 45.14839	 86.95857
 304	1	 149.34431	 134.21695	 83.36148
 305	1	 359.83329	 133.26147	 2.28347
 306	1	 217.98813	 176.65506	 122.99340
 307	1	 125.90395	 76.68606	 241.25345
 308	1	 221.18719	 110.58702	 57.54379
 309	1	 273.93198	 34.86252	 227.44154
 310	1	 300.00340	 35.83232	 109.47193
 311	1	 93.18288	 94.96570	 96.69215
 312	1	 0.42151	 127.56697	 358.11832
 313	1	 39.57698	 62.13874	 116.07589
 314	1	 239.33238	 142.03021	 307.55036
 315	1	 30.69094	 54.44899	 110.41780
 316	1	 215.35568	 106.01965	 151.58057
 317	1	 0.72394	 129.86927	 86.76641
 318	1	 286.37601	 6.88318	 256.81564
 319	1	 301.84306	 32.52545	 114.18175
 320	1	 275.37296	 98.85404	 276.08583
 321	1	 259.43707	 88.89412	 225.28333
 322	1	 57.57421	 86.66284	 220.07554
 323	1	 44.12301	 115.72032	 339.27323
 324	1	 174.15531	 138.34912	 88.25982
 325	1	 348.39487	 40.17449	 350.51613
 326	1	 222.68842	 67.08102	 205.78618
 327	1	 37.09989	 134.54557	 268.91021
 328	1	 41.56834	 46.78328	 184.80527
 329	1	 150.84693	 120.80351	 202.49717
 330	1	 91.85438	 32.02966	 136.04837
 331	1	 88.59107	 32.18558	 320.51071
 332	1	 306.53659	 108.33870	 215.86235
 333	1	 237.48283	 142.67048	 202.97246
 334	1	 55.12843	 86.04286	 44.82804
 335	1	 233.66522	 2.68156	 222.74286
 336	1	 289.83993	 174.12919	 13.47663
 337	1	 60.33752	 1.01087	 292.13925
 338	1	 358.61046	 130.28754	 92.73580
 339	1	 27.02664	 173.85251	 113.42970
 340	1	 31.97790	 136.56398	 5.11633
 341	1	 34.51695	 43.89562	 357.21261
 342	1	 59.78640	 41.92721	 329.50397
 343	1	 209.29192	 38.41735	 355.94626
 344	1	 36.27181	 4.66973	 220.08843
 345	1	 340.86015	 2.45005	 188.70384
 346	1	 310.20866	 103.10318	 117.83306
 347	1	 6.77160	 86.90312	 2.29427
 348	1	 210.67081	 123.76044	 163.51587
 349	1	 79.58249	 176.38323	 261.48240
 350	1	 90.89059	 151.53148	 135.38029
 351	1	 90.63213	 85.13218	 222.76865
 352	1	 26.74023	 59.29321	 110.32397
 353	1	 88.63044	 92.93464	 38.75851
 354	1	 139.30674	 112.71546	 206.93918
 355	1	 269.11729	 143.02966	 46.18739
 356	1	 54.59747	 2.61681	 123.52476
 357	1	 319.26741	 69.87189	 246.62363
 358	1	 265.99906	 134.49723	 315.82800
 359	1	 36.99676	 48.46952	 90.28178
 360	1	 146.22369	 62.51333	 62.88028
 361	1	 93.20049	 34.08236	 219.38278
 362	1	 221.23041	 113.04840	 329.85628
 363	1	 177.63201	 139.07048	 89.21773
 364	1	 3.63100	 42.36555	 272.38140
 365	1	 211.46388	 41.54322	 359.81920
 366	1	 57.44852	 144.37910	 294.41143
 367	1	 4.25866	 94.03559	 91.70593
 368	1	 336.69719	 121.71778	 288.65875
 369	1	 303.24171	 95.71906	 137.01288
 370	1	 142.11632	 137.47945	 268.91913
 371	1	 54.66541	 88.08589	 220.30316
 372	1	 1.45066	 128.30320	 0.85023
 373	1	 239.08601	 142.21514	 295.86715
 374	1	 308.36616	 91.01972	 228.54987
 375	1	 81.56166	 176.83052	 253.41177
 376	1	 163.01471	 174.04300	 157.05998
 377	1	 192.94125	 176.12198	 274.23088
 378	1	 214.07534	 131.32989	 269.65636
 379	1	 92.56219	 135.88004	 137.39067
 380	1	 59.67405	 37.93231	 240.25539
 381	1	 120.30608	 147.12208	 64.03443
 382	1	 139.64321	 66.37552	 245.54153
 383	1	 174.56764	 48.52683	 270.69427
 384	1	 274.75882	 91.71972	 45.50552
 385	1	 212.16722	 47.92599	 267.18282
 386	1	 146.74117	 39.10498	 95.61122
 387	1	 40.33194	 132.93591	 87.71364
 388	1	 304.56029	 38.10146	 25.69371
 389	1	 139.20362	 0.07415	 126.68213
 390	1	 41.49693	 65.77694	 207.72774
 391	1	 179.31184	 40.64858	 266.29991
 392	1	 309.39145	 72.87758	 148.67727
 393	1	 218.61957	 68.60546	 297.51564
 394	1	 28.20093	 134.86373	 276.49974
 395	1	 88.88814	 89.12684	 134.34635
 396	1	 358.50299	 135.49996	 90.55073
 397	1	 182.75241	 141.00821	 267.27558
 398	1	 211.96495	 45.92473	 91.63627
 399	1	 302.48617	 32.02532	 209.40716
 400	1	 147.12373	 41.93448	 90.18362
 401	1	 311.05387	 66.94850	 151.75144
 402	1	 99.06069	 90.89303	 46.58434
 403	1	 180.23129	 134.30598	 186.11181
 404	1	 170.69396	 179.81995	 76.49326
 405	1	 269.77909	 91.73674	 317.19735
 406	1	 267.94936	 1.18751	 358.92070
 407	1	 216.26873	 64.33813	 22.92189
 408	1	 327.43682	 49.70019	 175.77756
 409	1	 327.38222	 172.09564	 228.06282
 410	1	 147.85070	 135.93357	 88.52052
 411	1	 147.12342	 14.40782	 120.75886
 412	1	 155.70957	 56.39283	 344.64584
 413	1	 54.23517	 67.97930	 210.96473
 414	1	 28.78484	 60.97620	 111.45545
 415	1	 108.99324	 174.63017	 25.10550
 416	1	 146.14535	 65.57539	 336.11388
 417	1	 0.43924	 41.23694	 91.20402
 418	1	 83.24934	 89.52153	 271.44164
 419	1	 217.18982	 130.56986	 180.49704
 420	1	 328.43907	 137.08430	 178.03579
 421	1	 176.55630	 43.26388	 268.94811
 422	1	 125.71178	 77.66958	 331.33955
 423	1	 186.70123	 4.24496	 344.09699
 424	1	 214.42795	 41.89625	 183.13288
 425	1	 356.30348	 93.82538	 83.74079
 426	1	 309.85464	 105.37179	 33.90739
 427	1	 92.61504	 91.35569	 317.75428
 428	1	 93.15876	 7.71534	 83.15835
 429	1	 307.47799	 103.48218	 122.70976
 430	1	 37.93661	 178.89084	 213.04290
 431	1	 239.14767	 35.34790	 334.88778
 432	1	 144.06828	 135.93585	 88.62887
 433	1	 87.39607	 87.11099	 128.06168
 434	1	 183.88050	 87.26649	 275.45117
 435	1	 120.96867	 144.15062	 334.71422
 436	1	 231.17228	 104.98483	 236.73019
 437	1	 324.12020	 2.53026	 306.46411
 438	1	 303.19541	 102.95065	 213.52883
 439	1	 153.11394	 134.48324	 179.12321
 440	1	 26.78003	 57.55375	 17.88164
 441	1	 223.33204	 62.52325	 208.24619
 442	1	 324.41362	 48.22730	 91.82297
 443	1	 357.66882	 135.03571	 1.20244
 444	1	 29.81718	 137.10645	 269.37443
 445	1	 59.92660	 97.83712	 314.26524
 446	1	 325.97557	 43.79447	 88.06647
 447	1	 267.29051	 92.22281	 310.98216
 448	1	 22.72275	 121.61491	 65.53443
 449	1	 57.17872	 144.79143	 211.35572
 450	1	 179.90446	 86.80303	 359.07753
 451	1	 213.78719	 110.60166	 241.84396
 452	1	 91.84441	 93.98473	 126.14054
 453	1	 274.47251	 146.69165	 232.04104
 454	1	 210.87356	 139.87036	 90.63562
 455	1	 1.88019	 131.51959	 270.62362
 456	1	 117.45577	 142.06671	 57.72149
 457	1	 232.02934	 108.22214	 55.61431
 458	1	 91.77234	 35.12469	 311.35153
 459	1	 42.01821	 120.87383	 335.66494
 460	1	 234.37357	 89.34579	 43.95350
 461	1	 129.10728	 79.02220	 150.50505
 462	1	 60.35296	 87.50566	 223.54340
 463	1	 53.60125	 77.29928	 211.69668
 464	1	 140.90589	 71.79544	 159.24075
 465	1	 36.75010	 67.65275	 299.62336
 466	1	 233.42708	 105.25908	 55.42556
 467	1	 213.97556	 46.57518	 90.90710
 468	1	 1.48349	 178.63483	 267.68728
 469	1	 274.19035	 88.66006	 265.53010
 470	1	 91.56591	 80.74084	 315.44110
 471	1	 33.94124	 68.47244	 210.72232
 472	1	 191.29150	 174.61632	 2.86543
 473	1	 174.96007	 133.27453	 266.32800
 474	1	 175.90972	 49.56600	 354.59906
 475	1	 147.82210	 138.58946	 180.55157
 476	1	 10.94392	 172.29488	 12.12430
 477	1	 0.74570	 50.43556	 269.12688
 478	1	 327.71158	 42.26647	 181.66359
 479	1	 146.03257	 48.07246	 353.54039
 480	1	 305.99620	 85.67707	 139.29482
 481	1	 54.73811	 91.93461	 318.54052
 482	1	 326.25040	 135.89138	 180.17873
 483	1	 180.35885	 136.31477	 87.48620
 484	1	 54.09504	 175.07132	 43.82808
 485	1	 18.68809	 171.95909	 111.81127
 486	1	 39.77601	 108.13991	 244.00041
 487	1	 218.83078	 109.06966	 324.85429
 488	1	 82.03779	 178.54796	 262.80557
 489	1	 85.96097	 90.66617	 179.83122
 490	1	 207.23635	 124.06299	 340.67773
 491	1	 326.60151	 132.65849	 176.42125
 492	1	 1.57623	 89.93116	 86.34888
 493	1	 144.24472	 43.59763	 269.09667
 494	1	 182.94711	 47.41342	 261.89816
 495	1	 359.11039	 3.29478	 187.99512
 496	1	 4.12997	 135.04343	 278.53458
 497	1	 214.83595	 135.00752	 180.00847
 498	1	 261.01495	 0.27324	 7.17358
 499	1	 85.90307	 88.67379	 135.57814
 500	1	 328.25082	 123.25392	 195.61118
 501	1	 99.89994	 176.18835	 276.54053
 502	1	 229.16937	 2.38782	 309.60244
 503	1	 25.47658	 125.81691	 343.59619
 504	1	 183.27308	 139.96459	 359.95836
 505	1	 234.56447	 90.42128	 46.23951
 506	1	 301.91988	 38.66486	 112.23610
 507	1	 216.01915	 137.16815	 4.29238
 508	1	 255.02326	 6.20981	 286.62772
 509	1	 125.84364	 75.07019	 237.99970
 510	1	 271.79826	 92.66579	 181.91654
 511	1	 322.62650	 134.51474	 271.95804
 512	1	 320.67058	 66.22847	 60.41558
 513	1	 285.12775	 2.65986	 251.82480
 514	1	 268.36401	 87.32325	 97.71037
 515	1	 145.97317	 134.56854	 266.76193
 516	1	 176.83326	 133.53653	 92.87690
 517	1	 176.77236	 39.06723	 86.71630
 518	1	 3.77076	 92.29818	 182.01799
 519	1	 117.22896	 144.96274	 156.03743
 520	1	 219.30719	 118.31753	 240.61054
 521	1	 223.30089	 68.37873	 203.74570
 522	1	 269.25885	 88.45584	 228.96052
 523	1	 146.79001	 118.74816	 302.30642
 524	1	 318.29800	 61.93510	 334.46334
 525	1	 65.78065	 178.02807	 69.08583
 526	1	 55.22478	 87.83217	 218.51146
 527	1	 148.26408	 143.06844	 175.94111
 528	1	 94.51064	 86.14014	 320.57047
 529	1	 1.87920	 137.49134	 271.89085
 530	1	 356.16598	 50.78422	 88.92629
 531	1	 34.51771	 68.76923	 297.41992
 532	1	 214.77396	 115.76069	 66.62397
 533	1	 216.87784	 132.41429	 173.85113
 534	1	 177.85085	 48.66845	 266.48827
 535	1	 306.42596	 32.30921	 28.46152
 536	1	 181.41577	 4.47717	 89.40520
 537	1	 226.89847	 178.69994	 138.74616
 538	1	 265.76929	 33.38828	 136.54323
 539	1	 37.78853	 113.55893	 330.64623
 540	1	 28.73716	 58.17532	 198.07297
 541	1	 318.85969	 109.89721	 209.57909
 542	1	 2.31471	 131.61504	 187.09691
 543	1	 202.03717	 4.53741	 76.66918
 544	1	 308.04776	 103.28227	 32.64296
 545	1	 357.72605	 45.31912	 266.74618
 546	1	 272.65120	 88.81773	 318.41458
 547	1	 330.33001	 124.00085	 21.17774
 548	1	 95.04204	 90.01504	 135.33282
 549	1	 219.47517	 66.52306	 295.32457
 550	1	 179.51343	 92.13831	 184.18058
 551	1	 56.27418	 38.55943	 332.68171
 552	1	 219.40735	 69.55799	 207.13000
 553	1	 35.82431	 49.21734	 87.80353
 554	1	 61.41736	 145.08929	 289.34561
 555	1	 77.68134	 178.36538	 171.86276
 556	1	 182.40234	 135.35208	 2.83790
 557	1	 127.93901	 106.14152	 208.39292
 558	1	 305.92724	 93.90731	 229.39338
 559	1	 179.98998	 86.08826	 355.65090
 560	1	 181.01645	 92.58263	 182.95985
 561	1	 217.10634	 60.82954	 21.92849
 562	1	 296.53010	 177.15768	 107.70273
 563	1	 92.99727	 33.66614	 131.03958
 564	1	 187.43823	 130.97423	 0.27019
 565	1	 142.14274	 46.17170	 0.39759
 566	1	 55.26311	 142.49780	 25.08766
 567	1	 89.54303	 39.20923	 223.80872
 568	1	 52.94179	 78.58789	 304.97293
 569	1	 54.28934	 179.30523	 151.43294
 570	1	 233.24163	 30.65004	 62.08240
 571	1	 187.27482	 175.69252	 99.39713
 572	1	 123.33832	 178.34146	 297.28896
 573	1	 357.77203	 134.69161	 359.13544
 574	1	 150.97193	 58.76657	 338.55783
 575	1	 34.47656	 45.79937	 358.43841
 576	1	 142.93243	 116.28514	 295.43034
 577	1	 22.10822	 2.24793	 329.34211
 578	1	 147.90875	 114.52858	 209.05559
 579	1	 6.67400	 91.25479	 358.64966
 580	1	 322.32046	 69.90380	 336.00677
 581	1	 34.69512	 134.58236	 85.85793
 582	1	 324.07163	 43.98447	 0.15753
 583	1	 323.04561	 135.69460	 7.19593
 584	1	 178.83412	 47.24825	 181.61132
 585	1	 95.25341	 89.25670	 1.00536
 586	1	 173.94731	 84.49341	 90.27466
 587	1	 187.96488	 1.86269	 351.76062
 588	1	 175.35815	 135.38728	 269.13602
 589	1	 267.89463	 87.08860	 137.23320
 590	1	 146.20045	 64.44020	 64.70514
 591	1	 324.51658	 113.94616	 111.72766
 592	1	 214.85796	 110.90130	 63.75066
 593	1	 6.84499	 132.97255	 273.00213
 594	1	 273.99038	 141.85137	 43.84376
 595	1	 147.31549	 45.17627	 271.08524
 596	1	 238.79385	 145.40316	 204.43076
 597	1	 208.04159	 53.47482	 201.39012
 598	1	 270.00084	 95.41085	 179.81383
 599	1	 346.34512	 179.03832	 251.26845
 600	1	 178.28702	 43.18255	 275.41016
 601	1	 215.07091	 48.16141	 93.60092
 602	1	 333.15318	 2.43606	 302.53003
 603	1	 266.03197	 34.91083	 313.75894
 604	1	 177.54599	 128.93656	 87.81626
 605	1	 267.87321	 150.52736	 317.87480
 606	1	 313.99513	 102.71487	 124.58196
 607	1	 355.35800	 132.11100	 178.68353
 608	1	 35.75666	 43.77188	 2.35746
 609	1	 351.95752	 41.71592	 187.00709
 610	1	 122.38899	 93.17075	 313.82241
 611	1	 306.94835	 33.96824	 119.88846
 612	1	 160.21326	 0.32992	 16.88202
 613	1	 265.72669	 91.66524	 226.54316
 614	1	 274.30021	 95.50125	 225.64849
 615	1	 182.20544	 42.77572	 90.27757
 616	1	 271.58553	 92.55582	 225.49315
 617	1	 149.08880	 59.97452	 247.13157
 618	1	 234.33080	 37.60374	 240.66656
 619	1	 91.33203	 91.30585	 320.77031
 620	1	 268.24811	 90.41447	 176.74941
 621	1	 99.71909	 176.79726	 103.99331
 622	1	 321.17083	 117.73694	 297.34120
 623	1	 144.03770	 45.98584	 2.27998
 624	1	 173.61690	 84.18899	 268.15273
 625	1	 272.55334	 89.28522	 315.78599
 626	1	 334.28667	 42.29239	 273.30108
 627	1	 94.62882	 34.40011	 44.62152
 628	1	 311.51380	 4.05877	 132.58025
 629	1	 56.31857	 92.83694	 310.46595
 630	1	 216.52820	 52.95328	 178.67529
 631	1	 324.83210	 71.31863	 329.36007
 632	1	 86.61018	 92.31556	 41.01499
 633	1	 328.70696	 121.36115	 198.38541
 634	1	 143.23845	 108.36437	 119.01425
 635	1	 323.89718	 39.43347	 88.28570
 636	1	 138.29570	 113.98394	 210.01621
 637	1	 45.32361	 62.04282	 204.13438
 638	1	 219.04373	 60.48803	 22.78907
 639	1	 241.02362	 33.88384	 247.43853
 640	1	 303.70975	 77.57680	 329.82341
 641	1	 326.95893	 42.15762	 181.45358
 642	1	 159.79672	 1.32695	 119.90701
 643	1	 182.83352	 47.08228	 265.70603
 644	1	 217.88973	 113.35076	 330.06978
 645	1	 4.74267	 94.01277	 93.00835
 646	1	 137.94953	 65.35428	 151.20607
 647	1	 118.48583	 90.25811	 132.62140
 648	1	 267.89805	 143.73380	 227.90264
 649	1	 4.54544	 178.25184	 93.58761
 650	1	 264.67733	 88.12291	 267.73822
 651	1	 308.26149	 104.24719	 126.65007
 652	1	 64.15101	 143.30380	 290.80209
 653	1	 18.59877	 3.52377	 68.70096
 654	1	 142.53672	 8.85042	 210.48269
 655	1	 287.52315	 7.49221	 252.89426
 656	1	 239.50472	 139.83386	 207.67348
 657	1	 55.37020	 36.86700	 157.94861
 658	1	 181.34249	 134.91671	 357.83921
 659	1	 41.01219	 66.56684	 114.57159
 660	1	 183.40200	 87.61724	 87.54665
 661	1	 186.88135	 137.62229	 99.36176
 662	1	 64.93808	 171.10818	 237.00935
 663	1	 270.38758	 95.72189	 48.85911
 664	1	 143.32422	 133.11997	 5.61987
 665	1	 178.43310	 45.87569	 89.73150
 666	1	 272.75600	 34.96423	 136.08954
 667	1	 131.96234	 106.35077	 28.97869
 668	1	 217.47503	 116.74813	 331.01799
 669	1	 215.97994	 178.69165	 44.30568
 670	1	 320.21370	 110.98693	 292.94824
 671	1	 142.78193	 137.20797	 88.34990
 672	1	 48.70307	 87.75784	 135.94717
 673	1	 300.73999	 38.14431	 296.53064
 674	1	 290.84547	 3.28297	 255.06872
 675	1	 271.81448	 91.87268	 224.77012
 676	1	 276.71308	 92.49266	 133.85451
 677	1	 321.59894	 119.01506	 291.13561
 678	1	 89.82764	 89.41262	 138.46293
 679	1	 122.20579	 99.36642	 230.68480
 680	1	 278.74273	 85.42940	 319.99834
 681	1	 178.95226	 135.10202	 184.61009
 682	1	 39.96825	 62.70953	 295.73229
 683	1	 37.32256	 116.47633	 245.62488
 684	1	 266.00943	 92.34976	 319.34721
 685	1	 104.17789	 178.87993	 7.48285
 686	1	 359.24494	 131.89897	 270.81790
 687	1	 27.55559	 51.42462	 106.81301
 688	1	 305.56952	 78.50448	 326.51034
 689	1	 325.36118	 134.73461	 179.40826
 690	1	 52.68510	 71.29909	 213.39036
 691	1	 320.46555	 65.22492	 242.82613
 692	1	 355.72019	 131.86162	 185.36860
 693	1	 57.05402	 84.78816	 314.45549
 694	1	 8.21416	 179.89128	 12.27418
 695	1	 128.07115	 105.59517	 126.18744
 696	1	 214.09018	 44.92363	 267.57256
 697	1	 179.14332	 136.73724	 78.05123
 698	1	 29.53046	 126.29268	 66.68251
 699	1	 57.78447	 2.13564	 294.29821
 700	1	 326.47523	 43.83931	 179.60749
 701	1	 145.96928	 48.01642	 177.57603
 702	1	 118.74913	 147.89319	 246.73469
 703	1	 301.58179	 37.09135	 294.70854
 704	1	 141.31406	 43.33317	 265.55506
 705	1	 97.30319	 138.86837	 313.57729
 706	1	 59.30746	 31.29827	 326.03841
 707	1	 208.00463	 121.13574	 338.19295
 708	1	 125.19003	 70.47954	 146.88606
 709	1	 274.54897	 0.98425	 172.69094
 710	1	 30.53751	 123.24733	 253.92305
 711	1	 273.19782	 40.18201	 228.26401
 712	1	 50.74551	 76.33499	 303.72499
 713	1	 212.29298	 121.94451	 342.19124
 714	1	 355.70298	 47.19445	 183.12367
 715	1	 266.73510	 35.71794	 220.73109
 716	1	 30.76345	 60.63953	 284.20720
 717	1	 149.23642	 138.18438	 272.54110
 718	1	 299.72375	 97.76511	 315.54210
 719	1	 337.23813	 175.31226	 157.29235
 720	1	 206.56251	 55.13903	 204.43071
 721	1	 234.12970	 30.90304	 56.19441
 722	1	 179.58718	 43.96000	 94.17085
 723	1	 210.42780	 138.65584	 95.38304
 724	1	 36.84519	 50.03162	 356.83807
 725	1	 38.44587	 133.12888	 182.11922
 726	1	 207.39889	 117.94442	 253.16381
 727	1	 298.75901	 42.84586	 118.07263
 728	1	 202.65267	 56.07123	 288.77775
 729	1	 64.20067	 92.14546	 46.36621
 730	1	 40.01958	 141.91660	 0.33945
 731	1	 304.02603	 90.77611	 135.33331
 732	1	 306.54642	 83.52091	 46.68663
 733	1	 141.84720	 179.56537	 234.31563
 734	1	 180.30883	 44.11053	 357.00267
 735	1	 141.99007	 65.18292	 334.50872
 736	1	 301.36066	 37.83085	 294.33950
 737	1	 125.31911	 82.23467	 135.98026
 738	1	 176.43063	 46.05726	 88.55377
 739	1	 271.65051	 151.07064	 46.28297
 740	1	 258.38635	 178.92944	 343.04924
 741	1	 206.53092	 128.25159	 251.36128
 742	1	 144.21442	 137.42986	 273.41227
 743	1	 323.54829	 46.46273	 273.45679
 744	1	 55.67622	 75.13679	 126.51180
 745	1	 87.94492	 84.03063	 45.51768
 746	1	 94.24449	 90.60618	 2.26071
 747	1	 220.52683	 65.57211	 121.17940
 748	1	 144.48393	 116.62219	 208.00383
 749	1	 269.58868	 145.98319	 314.74352
 750	1	 116.03124	 178.86177	 304.38310
 751	1	 308.49192	 69.54670	 322.94424
 752	1	 97.29501	 90.04329	 222.43726
 753	1	 210.51072	 122.84592	 73.23907
 754	1	 5.49040	 132.63099	 355.21705
 755	1	 305.42894	 94.33855	 222.81504
 756	1	 138.38398	 4.25162	 128.17981
 757	1	 218.24207	 42.75541	 177.06517
 758	1	 35.15100	 135.20694	 359.44873
 759	1	 138.15377	 68.82997	 329.29549
 760	1	 239.23330	 146.36530	 117.15210
 761	1	 112.67669	 2.09297	 342.65821
 762	1	 25.22537	 116.84917	 341.64975
 763	1	 267.08552	 35.73535	 136.66794
 764	1	 238.31194	 89.26161	 128.72160
 765	1	 237.66838	 142.51602	 114.08999
 766	1	 29.96441	 134.75649	 91.13344
 767	1	 40.37754	 67.53644	 26.71168
 768	1	 180.88954	 94.08755	 181.92732
 769	1	 145.29614	 50.47469	 95.35173
 770	1	 61.54962	 179.71521	 331.29721
 771	1	 179.60180	 90.20814	 0.67119
 772	1	 272.87722	 93.52459	 47.47215
 773	1	 357.21260	 139.08547	 180.09250
 774	1	 63.08433	 173.63944	 340.72517
 775	1	 268.22992	 146.88866	 222.34020
 776	1	 214.78310	 119.62416	 254.99219
 777	1	 152.39743	 62.00744	 340.32020
 778	1	 25.86784	 58.62205	 194.23610
 779	1	 149.37447	 58.28083	 248.97770
 780	1	 147.03259	 108.29753	 292.39147
 781	1	 90.30808	 87.67906	 321.04959
 782	1	 325.91581	 42.49830	 358.35843
 783	1	 35.17969	 137.65029	 88.28711
 784	1	 178.52713	 49.64951	 185.22556
 785	1	 308.54316	 110.05479	 299.25207
 786	1	 175.95365	 134.64538	 184.01253
 787	1	 322.41544	 113.89746	 29.96189
 788	1	 214.49780	 137.41483	 176.40593
 789	1	 181.80458	 48.51857	 0.82135
 790	1	 42.21483	 109.20678	 246.43794
 791	1	 90.06584	 144.98957	 45.04774
 792	1	 56.76570	 142.45109	 25.95478
 793	1	 270.64698	 95.70331	 318.06146
 794	1	 145.81024	 44.61449	 89.62604
 795	1	 1.16199	 142.29667	 357.76667
 796	1	 176.57004	 139.01845	 7.32972
 797	1	 82.08477	 93.11011	 130.85904
 798	1	 95.44070	 94.30857	 130.99513
 799	1	 217.45555	 46.95832	 86.59032
 800	1	 173.45637	 88.71174	 0.21269
 801	1	 60.15627	 38.05305	 72.55202
 802	1	 89.48827	 142.04263	 222.07226
 803	1	 1.76310	 139.68628	 269.95120
 804	1	 173.68905	 47.15331	 87.64857
 805	1	 182.81286	 134.55713	 4.82679
 806	1	 332.41274	 129.67365	 179.78352
 807	1	 25.01337	 123.16514	 250.58836
 808	1	 120.95388	 146.96713	 248.91761
 809	1	 92.00772	 91.07500	 137.03195
 810	1	 159.31995	 0.27278	 13.77887
 811	1	 124.92796	 75.16078	 53.48535
 812	1	 0.37323	 42.75240	 94.53910
 813	1	 54.19722	 34.55834	 65.47292
 814	1	 216.34344	 63.88527	 27.33447
 815	1	 88.98594	 88.19689	 135.40854
 816	1	 215.46583	 0.11367	 231.29278
 817	1	 216.26862	 131.48806	 91.36402
 818	1	 4.06805	 48.68763	 180.15310
 819	1	 314.40364	 178.76941	 317.28052
 820	1	 306.41633	 5.39660	 238.84242
 821	1	 130.46222	 109.75042	 118.05676
 822	1	 265.47029	 86.98360	 182.07217
 823	1	 39.46080	 114.49807	 325.40765
 824	1	 38.11771	 64.45283	 118.55765
 825	1	 212.78756	 134.01306	 95.33011
 826	1	 227.82345	 89.38633	 226.37472
 827	1	 216.11163	 42.49624	 0.80501
 828	1	 273.65972	 94.33389	 132.38941
 829	1	 213.28379	 64.17386	 115.39955
 830	1	 359.44674	 85.76734	 271.60296
 831	1	 27.85193	 122.35286	 74.66926
 832	1	 179.26351	 137.40867	 181.07260
 833	1	 359.72902	 47.41477	 88.66382
 834	1	 4.75116	 45.64539	 181.08946
 835	1	 23.78032	 52.34155	 18.53745
 836	1	 92.25223	 85.76260	 90.09662
 837	1	 320.23508	 119.98381	 298.06939
 838	1	 125.52521	 106.79715	 211.98732
 839	1	 328.86674	 132.79548	 3.31266
 840	1	 327.35803	 136.61209	 2.26412
 841	1	 321.01422	 118.31231	 117.36628
 842	1	 56.39411	 72.25638	 33.54797
 843	1	 185.34996	 143.67481	 357.79348
 844	1	 36.96758	 114.74665	 336.89363
 845	1	 24.88186	 126.10474	 245.80801
 846	1	 356.99869	 93.25302	 84.93593
 847	1	 40.23014	 66.89474	 120.37113
 848	1	 356.64740	 44.00995	 3.63406
 849	1	 358.76646	 141.48424	 95.03580
 850	1	 308.24827	 68.29406	 238.22863
 851	1	 32.63614	 138.04550	 4.78329
 852	1	 39.21528	 118.87323	 333.19218
 853	1	 147.05977	 142.61054	 266.69756
 854	1	 181.09696	 179.00939	 171.70473
 855	1	 11.05919	 7.57343	 343.91886
 856	1	 139.08678	 131.34973	 173.30451
 857	1	 321.98316	 43.41917	 89.50169
 858	1	 319.52573	 111.94469	 120.03006
 859	1	 332.38902	 117.51347	 193.90953
 860	1	 139.15979	 64.40068	 62.48775
 861	1	 303.95252	 0.59444	 146.65808
 862	1	 153.86956	 1.16647	 292.86706
 863	1	 41.74461	 110.58545	 154.82425
 864	1	 106.18408	 3.71983	 341.11271
 865	1	 80.94317	 89.62199	 86.69765
 866	1	 182.84080	 41.28273	 268.48425
 867	1	 265.92355	 92.65636	 44.49970
 868	1	 32.05650	 135.87284	 181.70280
 869	1	 138.04300	 63.38698	 57.38580
 870	1	 36.20484	 68.96634	 294.75273
 871	1	 141.10484	 109.20604	 297.24024
 872	1	 84.93310	 92.66497	 321.34721
 873	1	 235.49804	 92.04198	 222.23463
 874	1	 271.70062	 144.36772	 132.97455
 875	1	 182.32294	 0.08440	 260.59519
 876	1	 180.71476	 93.77144	 93.84123
 877	1	 113.69558	 174.92376	 222.78823
 878	1	 182.31918	 130.87170	 3.18505
 879	1	 309.88756	 91.21638	 227.90892
 880	1	 231.93007	 89.29460	 225.75774
 881	1	 213.95099	 64.49973	 22.63572
 882	1	 66.96428	 179.34650	 74.70662
 883	1	 268.24910	 87.48145	 315.00875
 884	1	 0.83875	 141.59049	 91.16166
 885	1	 144.65110	 53.05344	 266.97529
 886	1	 219.35336	 173.74180	 125.34185
 887	1	 143.24969	 119.03595	 28.38240
 888	1	 359.53582	 46.18794	 184.05113
 889	1	 33.15671	 69.90333	 207.17978
 890	1	 91.31500	 141.25685	 227.69740
 891	1	 315.97744	 71.96323	 64.27228
 892	1	 354.35931	 3.13455	 4.83833
 893	1	 331.67325	 119.06607	 200.37184
 894	1	 81.23759	 147.46203	 228.19847
 895	1	 59.17549	 142.16611	 29.32876
 896	1	 218.61878	 113.51359	 332.33746
 897	1	 87.61670	 82.35536	 96.45873
 898	1	 222.16404	 65.32811	 296.35438
 899	1	 244.60629	 172.49554	 165.16875
 900	1	 269.54327	 149.28863	 45.30528
 901	1	 38.70305	 61.72591	 23.99986
 902	1	 303.29367	 3.43427	 228.03342
 903	1	 329.29042	 132.72525	 186.03988
 904	1	 320.32784	 66.05052	 63.01713
 905	1	 121.65114	 143.94776	 159.27015
 906	1	 1.63106	 45.42199	 83.95615
 907	1	 308.83717	 104.00298	 300.52299
 908	1	 327.45949	 119.81022	 107.99542
 909	1	 124.83540	 68.55287	 58.33191
 910	1	 303.77817	 106.04294	 214.70015
 911	1	 328.06542	 45.53032	 354.65825
 912	1	 88.59106	 83.16994	 314.22965
 913	1	 131.84452	 178.84692	 213.10478
 914	1	 237.04736	 84.04032	 133.67787
 915	1	 214.69141	 133.41755	 180.78663
 916	1	 50.35322	 0.21178	 123.45073
 917	1	 136.41616	 114.47526	 292.44766
 918	1	 323.74264	 2.82041	 307.65334
 919	1	 93.76952	 144.40534	 318.44977
 920	1	 51.69913	 69.93253	 124.39044
 921	1	 138.54702	 70.08236	 335.10236
 922	1	 38.42398	 69.13873	 113.47326
 923	1	 139.42719	 113.94607	 29.88796
 924	1	 304.14831	 43.84623	 296.01468
 925	1	 355.53060	 46.96100	 184.06822
 926	1	 302.01232	 73.23225	 234.08387
 927	1	 148.38436	 59.71978	 72.32331
 928	1	 243.47300	 141.07274	 293.26212
 929	1	 174.43296	 4.21445	 11.58311
 930	1	 209.84087	 179.40399	 113.17967
 931	1	 35.29903	 39.35107	 267.83756
 932	1	 230.40343	 101.77270	 55.81517
 933	1	 278.83955	 176.23475	 194.84821
 934	1	 32.26898	 131.76516	 6.50375
 935	1	 203.20625	 119.63192	 251.94587
 936	1	 356.98196	 139.19240	 1.98038
 937	1	 276.52112	 95.35137	 319.34888
 938	1	 103.07298	 0.74881	 248.23895
 939	1	 322.68617	 48.31785	 85.67525
 940	1	 301.87689	 107.22540	 301.47525
 941	1	 237.71717	 43.36734	 66.53704
 942	1	 293.77837	 177.17963	 10.66318
 943	1	 210.79768	 43.23427	 176.77526
 944	1	 269.28291	 144.11199	 135.55065
 945	1	 37.97756	 44.39379	 269.09051
 946	1	 43.30598	 111.12132	 156.85051
 947	1	 271.94830	 143.54555	 41.87785
 948	1	 39.24116	 131.36878	 0.12228
 949	1	 217.79942	 70.21051	 303.03033
 950	1	 177.43130	 88.83789	 272.89205
 951	1	 334.76510	 122.91156	 104.37858
 952	1	 323.82937	 42.85756	 358.67594
 953	1	 222.89901	 65.70048	 210.03133
 954	1	 276.17829	 33.97000	 45.19710
 955	1	 181.57197	 91.78981	 0.74017
 956	1	 298.15807	 175.26744	 286.27274
 957	1	 4.12450	 138.59162	 87.12613
 958	1	 179.61568	 131.63376	 357.00802
 959	1	 148.86790	 43.91902	 2.69223
 960	1	 1.08003	 126.18993	 268.63792
 961	1	 5.05391	 135.70114	 266.09038
 962	1	 205.13668	 123.98599	 161.17795
 963	1	 269.47183	 35.82472	 315.18456
 964	1	 27.42398	 126.62395	 332.90341
 965	1	 209.63659	 55.90116	 199.42650
 966	1	 142.94621	 134.48883	 86.38479
 967	1	 174.40110	 142.31674	 90.88586
 968	1	 178.25947	 42.06637	 266.82802
 969	1	 90.05984	 144.50132	 138.02615
 970	1	 91.11764	 148.58060	 46.75647
 971	1	 219.07462	 67.44828	 25.19361
 972	1	 301.78346	 92.36530	 137.93973
 973	1	 1.44108	 131.99196	 358.46812
 974	1	 56.39796	 39.15170	 153.98656
 975	1	 137.38631	 114.46935	 206.94496
 976	1	 39.53387	 114.10090	 336.58095
 977	1	 204.67886	 59.18831	 110.05763
 978	1	 268.79853	 35.96421	 224.85237
 979	1	 58.80485	 76.46472	 128.26234
 980	1	 268.44127	 30.95155	 319.64510
 981	1	 0.90491	 132.79485	 93.06201
 982	1	 267.62383	 89.03464	 271.10610
 983	1	 196.01079	 176.63077	 113.38737
 984	1	 46.81440	 1.96626	 219.64770
 985	1	 90.72939	 90.11760	 39.50195
 986	1	 31.08585	 126.64733	 160.93304
 987	1	 152.57829	 53.91711	 339.74275
 988	1	 355.29377	 136.27044	 267.15454
 989	1	 270.30677	 37.12494	 315.99737
 990	1	 51.73909	 76.47062	 32.10055
 991	1	 41.57329	 3.95660	 316.54101
 992	1	 152.27703	 3.40530	 124.81963
 993	1	 237.46498	 90.59987	 222.11291
 994	1	 185.24053	 39.14345	 174.77520
 995	1	 55.67550	 87.26000	 224.23250
 996	1	 144.80226	 42.76268	 89.18318
 997	1	 358.33747	 136.80039	 178.80286
 998	1	 177.77222	 39.67997	 87.49492
 999	1	 54.97999	 90.14691	 133.50330
1000	1	 358.85757	 47.90565	 184.11087
