   1	1	 89.01088	 177.84567	 183.90810
   2	1	 331.49164	 174.79260	 237.63002
   3	1	 215.54993	 45.62329	 86.64614
   4	1	 324.43935	 46.17056	 93.70741
   5	1	 4.80258	 86.85803	 1.38974
   6	1	 324.49650	 44.87128	 5.48436
   7	1	 271.74076	 176.36110	 176.43625
   8	1	 111.56520	 2.73475	 66.72571
   9	1	 216.53208	 44.78163	 96.89553
  10	1	 216.31541	 2.67053	 50.42745
  11	1	 203.10627	 124.98427	 162.54918
  12	1	 87.62797	 90.15752	 272.47174
  13	1	 1.23122	 92.94862	 87.76909
  14	1	 196.36489	 178.92873	 12.52900
  15	1	 272.24363	 87.92481	 220.87834
  16	1	 90.61918	 91.01196	 224.81978
  17	1	 327.05821	 117.70244	 15.48460
  18	1	 147.11589	 129.43338	 269.30130
  19	1	 299.30917	 175.65869	 209.43375
  20	1	 154.88353	 174.91252	 158.84791
  21	1	 306.64408	 108.33183	 33.74025
  22	1	 302.48169	 3.58717	 233.31185
  23	1	 181.10658	 178.15229	 84.04566
  24	1	 355.30679	 88.38807	 272.55368
  25	1	 141.24426	 137.14452	 82.41642
  26	1	 217.68999	 46.33634	 176.71047
  27	1	 213.02261	 50.12853	 181.34728
  28	1	 181.00405	 40.75078	 179.40481
  29	1	 56.15126	 38.82098	 241.23450
  30	1	 177.99793	 42.32024	 184.53584
  31	1	 232.14756	 87.63525	 135.81188
  32	1	 216.07194	 47.40975	 180.25937
  33	1	 45.41655	 2.04535	 140.59656
  34	1	 269.88427	 89.31244	 89.29284
  35	1	 233.05830	 34.73326	 60.53304
  36	1	 146.66669	 140.64989	 262.79968
  37	1	 118.20747	 4.80753	 241.92871
  38	1	 299.92193	 88.28680	 45.44830
  39	1	 178.21565	 81.76051	 186.20253
  40	1	 326.36047	 5.46722	 33.16577
  41	1	 93.00151	 87.76816	 228.62370
  42	1	 186.31234	 176.04520	 7.17231
  43	1	 341.78469	 6.08211	 192.40634
  44	1	 214.65756	 42.88576	 1.10991
  45	1	 208.49466	 124.24839	 337.46330
  46	1	 326.62330	 123.73665	 106.74268
  47	1	 262.30929	 177.95688	 176.17399
  48	1	 178.93038	 46.61155	 269.88632
  49	1	 117.48573	 146.01810	 250.04671
  50	1	 126.47155	 86.16756	 136.37330
  51	1	 192.34200	 170.56728	 96.85985
  52	1	 179.22994	 82.96546	 266.76902
  53	1	 358.13130	 41.02363	 359.20125
  54	1	 126.67351	 76.06262	 233.28998
  55	1	 140.36578	 177.97705	 229.93595
  56	1	 123.22388	 151.20957	 252.41404
  57	1	 321.65121	 42.08633	 358.16392
  58	1	 127.04978	 69.28568	 148.30888
  59	1	 232.47811	 176.52840	 320.41181
  60	1	 229.40333	 107.47262	 137.28261
  61	1	 227.83390	 105.59361	 54.76133
  62	1	 298.09915	 39.34643	 124.44847
  63	1	 264.73981	 87.78172	 223.50446
  64	1	 141.51101	 133.38183	 89.89463
  65	1	 187.70563	 2.47056	 76.94051
  66	1	 264.11935	 179.27889	 79.88913
  67	1	 125.05248	 147.89293	 159.04225
  68	1	 40.95157	 4.45409	 224.87095
  69	1	 306.11160	 174.23881	 206.43964
  70	1	 0.49138	 139.13715	 183.35403
  71	1	 266.11641	 90.44023	 267.71894
  72	1	 54.87485	 86.42989	 225.53094
  73	1	 207.80414	 125.60116	 243.82080
  74	1	 88.36740	 90.15712	 132.46092
  75	1	 267.82178	 90.84171	 359.54262
  76	1	 214.35338	 139.97572	 358.20498
  77	1	 213.25231	 123.47344	 74.75239
  78	1	 357.81472	 136.86286	 270.29117
  79	1	 240.68660	 141.34225	 24.18445
  80	1	 234.64353	 93.74824	 49.24721
  81	1	 93.57088	 95.77041	 137.31835
  82	1	 355.59125	 88.50662	 358.56752
  83	1	 69.19504	 179.59758	 244.49132
  84	1	 266.72656	 90.05488	 267.21821
  85	1	 267.92653	 89.38966	 318.20406
  86	1	 5.97815	 88.25339	 271.09486
  87	1	 211.80923	 135.96176	 359.78101
  88	1	 4.46671	 178.90537	 274.77334
  89	1	 298.77808	 41.60513	 213.10927
  90	1	 113.21015	 172.54262	 200.77754
  91	1	 215.87219	 5.87822	 51.17512
  92	1	 178.06288	 44.53008	 176.85667
  93	1	 181.38594	 3.59718	 353.74844
  94	1	 53.83419	 95.07367	 134.66601
  95	1	 258.59336	 176.33005	 176.63227
  96	1	 186.67043	 41.02575	 6.81883
  97	1	 151.78781	 55.50961	 244.78087
  98	1	 222.50091	 1.79301	 318.98470
  99	1	 43.36055	 177.64026	 137.17798
 100	1	 309.12016	 75.43560	 53.35730
 101	1	 327.42040	 48.24228	 355.87586
 102	1	 358.99286	 93.08689	 87.44099
 103	1	 145.30899	 133.07890	 182.88712
 104	1	 140.60784	 134.30412	 86.37535
 105	1	 269.53692	 87.16755	 358.50951
 106	1	 263.19028	 89.96385	 132.74119
 107	1	 325.47396	 44.90324	 264.89819
 108	1	 276.99579	 90.63265	 85.90790
 109	1	 230.17475	 111.15291	 54.61120
 110	1	 87.60153	 179.93549	 90.20809
 111	1	 3.14909	 94.07271	 86.59238
 112	1	 147.06108	 142.09676	 4.41830
 113	1	 356.67979	 138.10484	 272.09480
 114	1	 211.96770	 43.58761	 91.17093
 115	1	 143.51975	 43.03459	 89.59837
 116	1	 206.84805	 119.35052	 69.85700
 117	1	 243.07386	 96.49924	 46.60058
 118	1	 214.00472	 42.87638	 181.10062
 119	1	 92.83201	 95.76586	 90.03918
 120	1	 179.26312	 87.15270	 268.41255
 121	1	 59.40898	 4.98853	 21.69528
 122	1	 180.48651	 47.76358	 270.32191
 123	1	 242.51803	 35.59607	 148.60207
 124	1	 54.34167	 139.75435	 295.66512
 125	1	 4.52944	 39.70295	 267.04740
 126	1	 32.51565	 134.66346	 1.55338
 127	1	 359.40485	 44.42086	 355.25607
 128	1	 235.92491	 136.38697	 115.19087
 129	1	 57.34393	 76.82623	 36.26590
 130	1	 205.57842	 46.61171	 179.85852
 131	1	 262.77241	 174.77239	 89.17626
 132	1	 53.97135	 92.26147	 311.07731
 133	1	 152.85712	 140.15253	 179.01107
 134	1	 208.34497	 173.43652	 39.35490
 135	1	 354.34968	 93.51231	 83.58965
 136	1	 357.61799	 131.67807	 356.33162
 137	1	 93.06853	 86.94210	 180.81181
 138	1	 110.70365	 178.79796	 115.09401
 139	1	 59.16899	 142.30764	 23.51396
 140	1	 321.96860	 45.54870	 2.46825
 141	1	 25.16494	 61.30868	 23.19432
 142	1	 26.33419	 179.70946	 198.29661
 143	1	 177.52739	 94.73922	 8.89470
 144	1	 359.43881	 48.12015	 275.70574
 145	1	 219.10041	 4.38179	 43.22080
 146	1	 123.59809	 137.83002	 62.36213
 147	1	 324.21980	 41.74943	 91.35130
 148	1	 268.23684	 89.98313	 140.37339
 149	1	 268.03664	 88.22102	 182.81274
 150	1	 356.92544	 143.94390	 3.28601
 151	1	 145.59083	 38.55653	 357.80778
 152	1	 170.31038	 3.18063	 272.46587
 153	1	 183.20949	 45.36913	 89.01087
 154	1	 51.82240	 94.36296	 312.87802
 155	1	 69.16615	 142.33355	 35.84506
 156	1	 143.69884	 136.15012	 271.45617
 157	1	 233.01337	 97.76665	 47.90745
 158	1	 272.72409	 90.27826	 47.76283
 159	1	 270.29011	 88.31454	 178.97080
 160	1	 335.23277	 0.37999	 123.87006
 161	1	 126.08702	 74.41680	 147.70491
 162	1	 204.06158	 2.12361	 66.63598
 163	1	 127.49067	 176.47310	 39.24482
 164	1	 331.89262	 135.20558	 5.13364
 165	1	 131.45837	 75.48315	 150.12294
 166	1	 35.09560	 128.86365	 5.88854
 167	1	 54.87197	 87.43311	 312.78209
 168	1	 0.67493	 93.34983	 271.01007
 169	1	 268.83856	 91.32293	 131.92399
 170	1	 139.94653	 40.42770	 271.00884
 171	1	 304.89163	 105.24806	 217.43346
 172	1	 93.93207	 86.08180	 224.53603
 173	1	 210.46168	 135.64314	 180.50112
 174	1	 126.27773	 143.63591	 152.55444
 175	1	 179.09681	 139.29691	 1.22869
 176	1	 174.08142	 85.05933	 264.47194
 177	1	 178.62270	 134.29461	 179.44196
 178	1	 143.05217	 43.74627	 177.18012
 179	1	 54.71433	 82.78046	 132.63717
 180	1	 164.47489	 177.58667	 340.86121
 181	1	 208.58166	 43.51362	 90.81136
 182	1	 27.14508	 1.32364	 149.52891
 183	1	 39.03272	 44.66786	 268.35732
 184	1	 359.47727	 47.98506	 355.17717
 185	1	 265.21435	 94.71876	 182.11689
 186	1	 29.76694	 136.48374	 358.78183
 187	1	 182.77262	 79.53848	 87.32543
 188	1	 34.11864	 114.55140	 338.12074
 189	1	 29.32626	 133.78606	 181.60812
 190	1	 1.60777	 142.87795	 359.71533
 191	1	 126.44253	 108.10590	 214.61056
 192	1	 150.15926	 56.52192	 337.15493
 193	1	 355.19070	 40.38474	 179.49833
 194	1	 208.80733	 132.19913	 265.75155
 195	1	 92.42314	 91.00447	 359.99407
 196	1	 179.91859	 133.98666	 3.35274
 197	1	 40.15334	 0.51979	 54.32909
 198	1	 273.69565	 91.45527	 225.45119
 199	1	 69.40532	 4.96660	 119.17644
 200	1	 201.57044	 179.13606	 22.25147
 201	1	 313.51518	 80.45317	 326.11472
 202	1	 179.66006	 128.80411	 266.17310
 203	1	 217.07009	 174.00247	 305.78499
 204	1	 228.78976	 145.11234	 288.60091
 205	1	 43.96918	 76.44854	 308.16790
 206	1	 306.67596	 72.35616	 150.08980
 207	1	 87.55862	 91.35215	 0.21844
 208	1	 126.51583	 92.41017	 223.33438
 209	1	 95.40192	 90.68300	 262.01538
 210	1	 145.87945	 1.36930	 301.09779
 211	1	 38.50818	 174.81282	 221.99177
 212	1	 27.43207	 177.57117	 120.26281
 213	1	 270.03244	 85.54964	 131.17933
 214	1	 343.75780	 0.10831	 103.21345
 215	1	 346.51904	 1.09516	 187.44874
 216	1	 0.57696	 45.45578	 7.40856
 217	1	 29.23187	 175.85018	 122.89202
 218	1	 178.06626	 89.22372	 88.57842
 219	1	 308.65027	 84.84923	 232.86517
 220	1	 235.25114	 37.94761	 239.78257
 221	1	 132.33676	 96.80651	 220.10158
 222	1	 0.70371	 80.54155	 181.14246
 223	1	 40.66801	 133.47631	 2.97694
 224	1	 36.06335	 42.54797	 174.36767
 225	1	 216.44169	 132.24701	 358.85800
 226	1	 274.87314	 80.37944	 84.64159
 227	1	 84.89133	 89.10152	 269.49898
 228	1	 18.09600	 2.29884	 335.25482
 229	1	 208.51917	 175.03581	 207.59305
 230	1	 91.57999	 95.39444	 227.01674
 231	1	 290.23460	 1.84294	 341.68729
 232	1	 259.60930	 89.96323	 184.13326
 233	1	 239.51284	 34.46957	 246.14639
 234	1	 9.19024	 0.26060	 171.85921
 235	1	 93.16620	 87.46645	 44.21212
 236	1	 87.24080	 90.72728	 133.20781
 237	1	 4.68105	 40.36252	 272.93202
 238	1	 28.65397	 179.83803	 300.80112
 239	1	 123.38323	 75.46656	 59.45580
 240	1	 271.26899	 90.08293	 266.40526
 241	1	 189.97300	 3.49678	 70.43168
 242	1	 40.18610	 44.16979	 274.05857
 243	1	 144.93744	 41.79167	 273.63557
 244	1	 43.80081	 175.79350	 133.39990
 245	1	 1.13710	 135.51866	 174.13453
 246	1	 235.79106	 104.06941	 144.96343
 247	1	 53.92275	 72.40428	 210.07172
 248	1	 267.44980	 93.43052	 275.13999
 249	1	 146.07070	 43.60926	 90.61137
 250	1	 336.89500	 176.35922	 256.09592
 251	1	 244.51298	 178.49640	 336.00579
 252	1	 265.01996	 0.59570	 189.41527
 253	1	 126.52446	 87.57954	 319.37788
 254	1	 122.93391	 108.87454	 36.17548
 255	1	 65.83586	 8.49310	 297.87886
 256	1	 85.81469	 89.68639	 224.00163
 257	1	 349.75829	 178.72493	 77.35558
 258	1	 320.67827	 46.79541	 267.34350
 259	1	 148.59411	 177.90306	 238.13201
 260	1	 152.74566	 174.41090	 54.75490
 261	1	 127.68477	 0.32903	 47.83632
 262	1	 177.56972	 132.12821	 352.87129
 263	1	 359.12335	 132.63049	 356.06822
 264	1	 85.40202	 92.50914	 231.09203
 265	1	 238.55031	 35.72311	 157.29359
 266	1	 18.06272	 63.10823	 287.18806
 267	1	 85.98299	 6.56398	 97.16516
 268	1	 215.77830	 47.75499	 81.69392
 269	1	 272.65585	 90.37653	 96.23817
 270	1	 256.10816	 2.26664	 94.60362
 271	1	 346.27383	 170.79737	 257.38234
 272	1	 35.23693	 44.46083	 177.77224
 273	1	 268.13671	 85.99719	 189.10185
 274	1	 176.22713	 39.74447	 180.38958
 275	1	 48.32369	 5.81923	 224.96076
 276	1	 273.75176	 178.50424	 102.67765
 277	1	 150.03506	 1.22444	 21.97492
 278	1	 227.22881	 3.63553	 311.93617
 279	1	 234.71195	 85.08962	 311.59798
 280	1	 93.46511	 87.94900	 83.41123
 281	1	 70.78241	 173.32296	 254.23245
 282	1	 147.10904	 41.05961	 358.54718
 283	1	 323.34119	 143.83758	 2.77563
 284	1	 92.05641	 92.03266	 42.11558
 285	1	 322.24116	 40.24868	 178.43406
 286	1	 54.69882	 88.41236	 318.53430
 287	1	 264.99296	 174.42382	 342.16381
 288	1	 4.65939	 86.15300	 353.77610
 289	1	 240.14123	 140.06780	 296.59486
 290	1	 70.73658	 1.01730	 275.81732
 291	1	 262.14348	 177.49175	 356.02476
 292	1	 305.83380	 39.00665	 30.31101
 293	1	 168.54752	 1.94738	 104.59520
 294	1	 100.31620	 177.01212	 282.41697
 295	1	 319.91513	 177.78830	 53.12679
 296	1	 2.92884	 129.62279	 357.99611
 297	1	 331.19592	 123.88976	 293.19618
 298	1	 296.54851	 1.96023	 63.58657
 299	1	 274.65440	 92.64259	 177.64674
 300	1	 342.78941	 171.42968	 168.00287
 301	1	 95.37707	 3.49559	 87.46678
 302	1	 290.83678	 175.02621	 191.31914
 303	1	 177.91973	 93.74130	 352.44564
 304	1	 358.55014	 39.96223	 355.92712
 305	1	 123.37122	 87.21362	 318.54108
 306	1	 26.88773	 116.86353	 256.04691
 307	1	 344.70243	 1.80887	 12.40037
 308	1	 87.15196	 175.82004	 259.90287
 309	1	 48.44741	 79.32087	 39.55464
 310	1	 52.98115	 90.62175	 136.06759
 311	1	 4.81648	 179.87999	 271.28323
 312	1	 48.74925	 179.17818	 227.48265
 313	1	 307.66204	 101.34537	 35.96026
 314	1	 109.39136	 178.81233	 18.18694
 315	1	 270.91561	 85.87580	 40.18377
 316	1	 134.30359	 73.59311	 146.02934
 317	1	 131.71726	 87.32328	 223.42414
 318	1	 60.22076	 144.16431	 209.71690
 319	1	 147.61834	 1.86934	 292.96980
 320	1	 182.58997	 132.84878	 86.19985
 321	1	 58.36364	 146.83317	 27.45187
 322	1	 8.24128	 89.52401	 6.26952
 323	1	 358.34600	 141.20600	 271.57408
 324	1	 179.38688	 44.96791	 1.11886
 325	1	 178.25205	 39.08901	 269.12341
 326	1	 155.24804	 1.86326	 29.65550
 327	1	 317.23875	 178.75289	 133.39884
 328	1	 37.00885	 42.38189	 273.78872
 329	1	 209.03383	 130.31604	 94.59700
 330	1	 203.98164	 62.93765	 13.65453
 331	1	 308.98371	 92.09576	 43.46649
 332	1	 155.20349	 55.14964	 340.11205
 333	1	 298.53478	 1.46637	 152.95991
 334	1	 27.23554	 119.38729	 69.94823
 335	1	 253.18539	 179.62723	 248.78792
 336	1	 1.30120	 130.14471	 176.47933
 337	1	 182.10121	 136.04644	 95.76575
 338	1	 180.39742	 39.45855	 2.19146
 339	1	 49.18911	 75.36436	 306.36955
 340	1	 3.92066	 43.82905	 180.43308
 341	1	 217.86688	 48.40605	 2.62989
 342	1	 332.47553	 112.79970	 204.83648
 343	1	 233.77058	 94.20013	 44.07057
 344	1	 3.21165	 84.98444	 266.63234
 345	1	 128.60793	 77.68742	 330.29429
 346	1	 137.92900	 0.24045	 219.26599
 347	1	 246.66669	 143.16864	 121.47455
 348	1	 359.49969	 39.75825	 268.65953
 349	1	 120.16731	 138.51842	 246.55782
 350	1	 89.96545	 87.42289	 358.99286
 351	1	 175.47732	 92.53508	 357.36241
 352	1	 85.02931	 95.51103	 40.19157
 353	1	 26.34030	 5.21941	 331.03091
 354	1	 234.36840	 179.68881	 139.52416
 355	1	 125.18637	 140.09106	 242.79966
 356	1	 32.25467	 135.81544	 178.98943
 357	1	 356.12093	 133.13695	 265.29270
 358	1	 268.16076	 81.86477	 45.25524
 359	1	 233.97843	 94.72115	 330.22055
 360	1	 327.70178	 135.75955	 86.75673
 361	1	 233.72101	 85.29432	 224.01055
 362	1	 358.69335	 132.72558	 175.35872
 363	1	 181.42618	 133.50218	 181.34758
 364	1	 57.43163	 89.30808	 314.88413
 365	1	 309.55878	 68.24581	 238.47556
 366	1	 265.91305	 89.08648	 312.28616
 367	1	 159.79254	 177.06330	 334.02614
 368	1	 72.62203	 2.34207	 19.37021
 369	1	 50.31410	 2.15252	 308.49918
 370	1	 92.61558	 178.67758	 192.33090
 371	1	 91.80064	 89.91764	 92.52645
 372	1	 86.65501	 90.61505	 176.74239
 373	1	 25.54257	 122.17005	 246.95561
 374	1	 272.52997	 89.68377	 220.82913
 375	1	 184.00757	 91.27101	 94.14403
 376	1	 179.33551	 133.32975	 1.61111
 377	1	 161.93090	 47.67305	 157.53997
 378	1	 88.81472	 94.17785	 4.57539
 379	1	 121.28574	 93.39964	 48.42085
 380	1	 88.09041	 93.69546	 310.94262
 381	1	 52.27837	 2.25204	 206.15096
 382	1	 45.71285	 0.42350	 309.35061
 383	1	 36.25810	 137.22051	 270.95673
 384	1	 174.43851	 177.00068	 265.20334
 385	1	 85.26610	 89.93590	 229.30783
 386	1	 91.11657	 92.69093	 182.14769
 387	1	 152.01576	 54.93340	 247.42224
 388	1	 116.37382	 71.96965	 325.54664
 389	1	 87.15670	 89.23281	 224.02063
 390	1	 104.04584	 178.53489	 276.51549
 391	1	 93.06487	 92.42385	 311.94084
 392	1	 131.70302	 68.79879	 330.64205
 393	1	 229.98666	 102.77001	 147.56195
 394	1	 1.64325	 47.21095	 181.18147
 395	1	 350.70461	 2.65637	 93.22945
 396	1	 235.04475	 89.06918	 316.75254
 397	1	 31.73231	 43.26459	 274.29714
 398	1	 31.63974	 133.69347	 359.32143
 399	1	 325.94497	 137.48669	 0.90272
 400	1	 210.04384	 128.46882	 157.69912
 401	1	 135.84415	 75.11889	 144.35989
 402	1	 179.59166	 90.76395	 355.94673
 403	1	 302.42225	 89.14826	 139.82961
 404	1	 32.40325	 137.81725	 182.41333
 405	1	 180.27066	 47.86165	 1.46113
 406	1	 357.10951	 139.86410	 268.96030
 407	1	 263.89355	 91.68128	 227.95014
 408	1	 176.42578	 90.51292	 266.67671
 409	1	 60.08788	 73.26663	 27.05886
 410	1	 186.52078	 85.07453	 358.39993
 411	1	 33.15106	 47.41647	 267.30411
 412	1	 278.76603	 0.95043	 97.89923
 413	1	 206.26687	 136.42321	 95.25384
 414	1	 42.68572	 177.59485	 47.22315
 415	1	 348.87238	 179.38100	 81.16142
 416	1	 94.59819	 91.80594	 318.96110
 417	1	 145.68753	 172.65601	 238.25462
 418	1	 305.88942	 100.11939	 306.80614
 419	1	 90.35300	 5.07997	 358.88081
 420	1	 261.08558	 87.26885	 47.53238
 421	1	 234.71941	 104.93930	 151.11816
 422	1	 269.67077	 92.40221	 315.20523
 423	1	 325.12022	 43.45927	 95.65242
 424	1	 267.80849	 92.19409	 225.35673
 425	1	 177.66636	 87.34260	 178.52433
 426	1	 217.24183	 51.95609	 179.39319
 427	1	 7.40767	 90.13327	 270.75592
 428	1	 2.48964	 141.08824	 85.87260
 429	1	 32.83001	 61.64039	 200.30503
 430	1	 248.54598	 178.05537	 340.29178
 431	1	 187.09991	 175.60584	 103.13530
 432	1	 129.61898	 110.57649	 219.88891
 433	1	 270.66001	 88.04945	 225.84005
 434	1	 91.30519	 97.14732	 272.82158
 435	1	 189.78396	 177.53484	 290.42375
 436	1	 95.52881	 90.10725	 135.51257
 437	1	 208.07313	 52.73184	 289.93193
 438	1	 66.02937	 148.42149	 116.68030
 439	1	 317.51832	 47.90384	 355.56440
 440	1	 182.65556	 41.06637	 272.69987
 441	1	 271.86331	 93.05792	 226.14897
 442	1	 304.61963	 2.05671	 329.82431
 443	1	 87.37649	 93.28303	 92.47919
 444	1	 7.43766	 101.08640	 180.44215
 445	1	 131.54917	 71.42386	 149.55069
 446	1	 347.17472	 2.21948	 103.12227
 447	1	 274.71611	 78.05651	 84.97006
 448	1	 1.60051	 47.87846	 182.48435
 449	1	 128.86238	 76.31250	 319.91994
 450	1	 280.89910	 176.02498	 278.97386
 451	1	 225.90869	 176.32518	 230.64371
 452	1	 177.78824	 43.96155	 271.50360
 453	1	 138.56328	 1.32418	 306.21841
 454	1	 185.43060	 46.17449	 269.89955
 455	1	 92.43044	 85.55454	 221.10329
 456	1	 235.24517	 179.61937	 230.33373
 457	1	 43.88185	 2.56859	 234.95369
 458	1	 122.13388	 84.14835	 319.00526
 459	1	 232.80020	 139.62571	 34.40142
 460	1	 234.55341	 94.54322	 315.40249
 461	1	 309.03485	 37.32783	 200.26855
 462	1	 313.40918	 178.48787	 42.21412
 463	1	 34.00706	 178.15345	 28.73633
 464	1	 326.47947	 42.90361	 92.31373
 465	1	 4.29814	 136.61342	 181.13003
 466	1	 207.15206	 177.95129	 114.88905
 467	1	 37.03438	 136.60808	 177.47567
 468	1	 272.24373	 95.00017	 1.10654
 469	1	 133.34680	 99.99666	 38.93412
 470	1	 316.35584	 4.13490	 128.47763
 471	1	 88.35732	 92.88717	 268.24281
 472	1	 202.63840	 59.05695	 18.35880
 473	1	 91.02114	 87.83443	 42.54464
 474	1	 105.66711	 6.37645	 71.59605
 475	1	 175.31652	 136.09270	 91.44284
 476	1	 122.26802	 93.16997	 319.95974
 477	1	 182.33143	 133.62778	 173.28270
 478	1	 0.29525	 91.03767	 5.54626
 479	1	 137.47372	 48.71223	 179.21517
 480	1	 190.29210	 82.71040	 181.78981
 481	1	 185.47758	 86.88976	 94.27235
 482	1	 182.29533	 45.39302	 269.21788
 483	1	 271.27835	 93.06567	 269.17866
 484	1	 172.22452	 178.43531	 267.33841
 485	1	 203.83486	 117.43380	 160.52800
 486	1	 39.12177	 134.97498	 356.26911
 487	1	 144.38422	 141.78553	 270.81347
 488	1	 346.34919	 178.16103	 163.09160
 489	1	 0.74084	 83.62244	 180.70322
 490	1	 47.05466	 5.51588	 313.00866
 491	1	 328.69295	 48.11396	 271.02462
 492	1	 269.20353	 86.41256	 225.11789
 493	1	 136.00626	 1.72137	 217.28412
 494	1	 268.38178	 94.19755	 268.21263
 495	1	 137.67800	 172.43830	 321.25234
 496	1	 299.22896	 34.23894	 202.80396
 497	1	 145.39963	 137.70757	 183.40025
 498	1	 358.33635	 88.20450	 181.07939
 499	1	 352.38821	 45.56927	 178.51198
 500	1	 120.31973	 147.41645	 243.63113
 501	1	 27.77668	 123.88544	 248.82266
 502	1	 298.70108	 101.55446	 305.27175
 503	1	 69.21709	 6.73563	 201.37222
 504	1	 174.04721	 130.23877	 180.89914
 505	1	 219.88497	 131.25056	 181.85246
 506	1	 331.40980	 126.40746	 283.94450
 507	1	 60.21424	 90.13631	 45.81394
 508	1	 53.36988	 76.40112	 131.70809
 509	1	 57.89512	 141.19715	 23.25557
 510	1	 255.08777	 179.74374	 157.62840
 511	1	 188.88508	 175.25306	 273.82523
 512	1	 150.73797	 47.70935	 270.08661
 513	1	 198.56211	 0.79514	 163.08508
 514	1	 186.24335	 46.40415	 2.90983
 515	1	 358.89106	 43.47264	 183.77217
 516	1	 37.51440	 43.48288	 91.86746
 517	1	 86.85659	 90.13862	 92.62576
 518	1	 26.88926	 123.37407	 79.05226
 519	1	 124.35309	 77.80653	 145.47731
 520	1	 348.84061	 0.37449	 99.02439
 521	1	 182.60529	 132.03159	 264.08983
 522	1	 308.82316	 75.67690	 319.30081
 523	1	 178.38186	 83.25554	 272.28637
 524	1	 91.47211	 81.31760	 317.96213
 525	1	 65.74279	 35.17155	 246.33197
 526	1	 319.65246	 144.10084	 90.40525
 527	1	 327.94241	 45.25561	 0.63691
 528	1	 119.55870	 1.92812	 332.41896
 529	1	 91.43899	 87.65649	 313.81319
 530	1	 356.92336	 130.96429	 1.65121
 531	1	 355.81985	 89.72982	 97.45863
 532	1	 88.69293	 85.62004	 185.07935
 533	1	 125.30490	 86.82168	 224.44851
 534	1	 301.85649	 69.46518	 150.31685
 535	1	 0.38673	 49.88473	 89.38224
 536	1	 358.65999	 137.47712	 357.58999
 537	1	 59.17191	 142.79786	 295.89554
 538	1	 358.98331	 138.37497	 271.55040
 539	1	 358.38979	 84.71579	 91.60797
 540	1	 91.50466	 90.71572	 222.87933
 541	1	 183.30971	 131.59444	 3.74865
 542	1	 293.31052	 177.72569	 34.38450
 543	1	 198.23219	 179.35002	 287.42234
 544	1	 325.86013	 49.88271	 182.04280
 545	1	 359.76244	 91.79496	 178.84427
 546	1	 354.95012	 92.01160	 90.63366
 547	1	 212.14282	 178.91812	 214.61175
 548	1	 28.05949	 121.71258	 74.86985
 549	1	 114.02902	 174.14395	 292.65869
 550	1	 129.43140	 1.60649	 229.61014
 551	1	 192.36239	 179.87499	 11.47955
 552	1	 170.86047	 8.30475	 271.35244
 553	1	 179.54303	 135.28942	 1.48394
 554	1	 162.97064	 179.86555	 252.18618
 555	1	 125.59076	 136.29488	 333.97276
 556	1	 358.48384	 134.97601	 277.89054
 557	1	 34.49966	 42.79613	 271.84996
 558	1	 358.01091	 131.38733	 87.29186
 559	1	 83.14219	 86.96884	 176.64656
 560	1	 233.38022	 90.74678	 314.82581
 561	1	 184.38802	 46.46403	 90.95016
 562	1	 359.16329	 137.89260	 184.84201
 563	1	 254.45386	 172.89847	 342.22467
 564	1	 57.15684	 145.72936	 118.87258
 565	1	 175.28345	 46.37502	 182.63315
 566	1	 305.59196	 77.23045	 143.73479
 567	1	 269.24236	 90.02605	 95.05479
 568	1	 176.37303	 88.25554	 91.28628
 569	1	 131.85254	 74.71415	 57.74009
 570	1	 92.00094	 93.37357	 140.24603
 571	1	 267.77723	 93.30674	 5.76531
 572	1	 59.02459	 93.48258	 135.23439
 573	1	 242.43115	 36.99145	 343.73535
 574	1	 356.98266	 45.37064	 271.16759
 575	1	 144.19727	 50.71240	 359.52793
 576	1	 31.77500	 1.57606	 61.92208
 577	1	 77.37531	 2.79026	 187.20001
 578	1	 21.90983	 178.03491	 106.63927
 579	1	 128.14911	 142.42112	 246.21088
 580	1	 53.99789	 37.14921	 242.46611
 581	1	 187.67220	 89.87113	 272.51905
 582	1	 131.15436	 101.43770	 126.23646
 583	1	 1.37405	 1.88283	 179.05039
 584	1	 181.67705	 43.77653	 90.70804
 585	1	 131.44506	 104.58965	 299.16596
 586	1	 357.06244	 132.84126	 272.25274
 587	1	 302.52294	 8.19142	 231.55618
 588	1	 181.68239	 92.83779	 5.17436
 589	1	 145.73104	 177.82913	 143.86472
 590	1	 326.66800	 140.85366	 182.82973
 591	1	 323.54551	 43.09963	 92.85578
 592	1	 25.60495	 129.28274	 164.43951
 593	1	 69.10577	 5.49971	 197.55794
 594	1	 124.58198	 6.15078	 230.36659
 595	1	 93.83547	 90.36645	 222.75299
 596	1	 269.72148	 85.77067	 45.47257
 597	1	 141.55128	 43.67620	 3.12335
 598	1	 213.68476	 45.93341	 268.63529
 599	1	 145.91012	 137.31334	 358.72230
 600	1	 225.70347	 178.58402	 222.54211
 601	1	 273.55829	 1.56703	 343.20838
 602	1	 302.66429	 2.01450	 143.08519
 603	1	 105.32787	 0.59272	 168.78145
 604	1	 324.00441	 45.32198	 87.99356
 605	1	 144.53101	 177.39074	 61.68669
 606	1	 157.17838	 178.32522	 144.98923
 607	1	 224.55885	 179.76230	 218.38949
 608	1	 305.41876	 90.42414	 220.71489
 609	1	 32.81946	 36.46371	 87.45850
 610	1	 0.77741	 46.62459	 89.04108
 611	1	 263.19674	 86.56881	 177.46503
 612	1	 39.38274	 44.63662	 86.98064
 613	1	 239.29722	 35.20895	 329.15199
 614	1	 125.24056	 176.94130	 124.39091
 615	1	 2.50315	 129.96617	 90.52378
 616	1	 34.28098	 60.56022	 109.95405
 617	1	 211.27878	 136.40829	 2.11265
 618	1	 262.54887	 175.75060	 174.21111
 619	1	 26.73709	 57.65478	 194.75925
 620	1	 97.70254	 93.24346	 176.01938
 621	1	 265.12304	 84.84044	 359.24467
 622	1	 1.18671	 173.03204	 88.11824
 623	1	 306.48632	 178.31772	 132.97306
 624	1	 181.31093	 88.17095	 2.06654
 625	1	 358.17494	 46.16707	 183.60318
 626	1	 123.25918	 139.83949	 155.61051
 627	1	 239.29053	 1.42811	 211.51086
 628	1	 50.15733	 73.98790	 29.72357
 629	1	 279.91872	 2.52306	 257.32099
 630	1	 354.37410	 97.62928	 266.29405
 631	1	 273.79650	 89.83884	 315.32194
 632	1	 213.40060	 46.85903	 177.33409
 633	1	 82.60010	 91.86399	 136.18131
 634	1	 128.37269	 100.53941	 306.74255
 635	1	 353.64936	 96.48725	 357.62171
 636	1	 269.17947	 87.50379	 187.89340
 637	1	 89.41874	 91.26869	 42.46592
 638	1	 31.72364	 46.73883	 180.06082
 639	1	 0.98282	 87.35448	 178.35636
 640	1	 354.61987	 129.42806	 89.93572
 641	1	 123.98274	 177.81181	 31.92470
 642	1	 51.85605	 76.40323	 219.07337
 643	1	 303.34831	 89.96392	 223.85995
 644	1	 91.41292	 81.99859	 6.09600
 645	1	 193.05900	 178.57599	 192.84788
 646	1	 1.40249	 42.91305	 358.73506
 647	1	 89.29544	 94.25375	 132.99576
 648	1	 120.39462	 111.36639	 122.83636
 649	1	 1.22666	 134.63304	 181.38083
 650	1	 358.30735	 93.38246	 354.99450
 651	1	 1.68656	 2.07339	 351.87932
 652	1	 0.08668	 129.45410	 266.04617
 653	1	 132.22906	 93.82436	 37.50145
 654	1	 275.20440	 85.36921	 46.16495
 655	1	 306.60800	 107.08794	 213.74375
 656	1	 263.26950	 95.03187	 357.09964
 657	1	 144.54177	 47.80052	 359.03211
 658	1	 177.78827	 138.99466	 3.84128
 659	1	 74.18557	 178.42141	 73.51845
 660	1	 181.97915	 3.37054	 177.58149
 661	1	 92.07151	 89.84517	 310.88348
 662	1	 109.78018	 5.77888	 242.67949
 663	1	 206.31876	 63.44233	 285.41328
 664	1	 180.80881	 87.67769	 84.33336
 665	1	 0.85056	 97.49310	 358.41566
 666	1	 0.02643	 93.20300	 267.27109
 667	1	 87.96938	 90.66281	 223.09874
 668	1	 325.79041	 42.09639	 180.03198
 669	1	 273.03128	 85.00721	 46.71210
 670	1	 85.10759	 179.53538	 177.44293
 671	1	 23.09048	 1.25865	 331.09662
 672	1	 330.64047	 130.54192	 86.85320
 673	1	 359.66948	 133.18020	 90.39307
 674	1	 184.32070	 45.99172	 359.16934
 675	1	 231.33348	 177.18460	 311.92439
 676	1	 178.51805	 91.74900	 175.12472
 677	1	 235.50212	 89.65047	 313.25055
 678	1	 309.48523	 101.34373	 211.94289
 679	1	 36.27883	 44.00576	 88.55167
 680	1	 180.29476	 48.07498	 175.42183
 681	1	 175.62949	 37.51240	 84.00488
 682	1	 244.70910	 149.14597	 113.69632
 683	1	 64.70997	 0.39010	 21.05218
 684	1	 303.19203	 179.03226	 306.46264
 685	1	 177.80466	 130.94261	 94.12583
 686	1	 141.57157	 136.63474	 0.15686
 687	1	 359.93514	 50.33028	 91.47673
 688	1	 130.68487	 74.88103	 53.70801
 689	1	 0.46531	 88.15352	 181.68019
 690	1	 220.44590	 43.33092	 359.33033
 691	1	 90.93098	 87.09938	 270.49172
 692	1	 116.90354	 145.33861	 62.48593
 693	1	 66.64118	 36.17718	 59.35646
 694	1	 338.37583	 123.61411	 105.53879
 695	1	 94.27777	 89.07610	 140.34201
 696	1	 160.20420	 58.32789	 160.29155
 697	1	 93.99083	 177.90761	 102.18282
 698	1	 208.82972	 123.72584	 69.98099
 699	1	 295.10354	 5.68196	 63.17834
 700	1	 326.75481	 121.53777	 193.92478
 701	1	 256.09159	 177.86064	 177.65919
 702	1	 212.85124	 135.96985	 182.79223
 703	1	 238.11940	 88.28410	 35.98614
 704	1	 352.99008	 177.85711	 78.37389
 705	1	 183.93219	 51.22207	 181.69830
 706	1	 299.29628	 87.22745	 310.23116
 707	1	 117.67688	 143.47108	 334.63398
 708	1	 85.81717	 88.79782	 271.15899
 709	1	 57.80415	 143.49193	 21.62577
 710	1	 65.45425	 40.43865	 147.96742
 711	1	 266.93639	 92.43749	 133.62203
 712	1	 156.92101	 2.44891	 113.81987
 713	1	 267.25512	 171.70484	 164.19548
 714	1	 359.35877	 94.33200	 358.68998
 715	1	 273.83799	 86.57811	 133.32078
 716	1	 329.86041	 1.91386	 300.15858
 717	1	 175.28027	 175.90576	 86.65500
 718	1	 206.83498	 134.39889	 93.04703
 719	1	 211.91395	 122.40529	 344.08023
 720	1	 359.74895	 91.76823	 97.42042
 721	1	 272.03847	 88.46839	 265.49642
 722	1	 357.14226	 85.90215	 269.08283
 723	1	 9.38923	 179.20041	 271.29093
 724	1	 314.37274	 5.45060	 314.29864
 725	1	 297.97313	 34.06514	 295.65421
 726	1	 92.12343	 88.83060	 265.23237
 727	1	 153.33745	 0.40657	 123.64787
 728	1	 183.39954	 86.73824	 359.29425
 729	1	 304.57721	 75.64973	 53.46636
 730	1	 79.17024	 177.64476	 339.01544
 731	1	 315.49132	 0.69620	 316.38706
 732	1	 23.02466	 117.51756	 168.94385
 733	1	 179.15854	 47.88960	 268.41332
 734	1	 179.95125	 89.98774	 1.96835
 735	1	 121.63761	 179.76233	 121.55777
 736	1	 206.21547	 128.21694	 252.21325
 737	1	 198.63524	 1.46397	 338.96391
 738	1	 205.88155	 113.44279	 164.94558
 739	1	 60.23711	 88.20186	 317.24864
 740	1	 323.13414	 132.99986	 274.75548
 741	1	 148.54024	 43.87188	 270.15255
 742	1	 209.47079	 124.99844	 158.15855
 743	1	 105.41935	 179.82027	 12.64630
 744	1	 60.86768	 4.82744	 25.32080
 745	1	 179.13238	 135.60148	 354.25765
 746	1	 205.56667	 122.53423	 158.12431
 747	1	 211.03066	 121.40026	 342.75910
 748	1	 334.00564	 125.14615	 289.64667
 749	1	 232.70039	 101.93264	 148.61462
 750	1	 181.40377	 95.02365	 356.14439
 751	1	 244.61137	 1.44123	 114.51689
 752	1	 92.58419	 82.84226	 95.66710
 753	1	 327.93542	 173.58267	 68.73636
 754	1	 149.73471	 58.33674	 346.77192
 755	1	 52.71401	 149.11198	 203.85549
 756	1	 286.72433	 174.08059	 188.94675
 757	1	 48.38495	 177.99051	 142.58199
 758	1	 171.38325	 44.52780	 180.33559
 759	1	 139.55462	 49.88005	 269.52859
 760	1	 358.32245	 133.49165	 356.10710
 761	1	 301.49781	 178.82152	 117.56236
 762	1	 145.88294	 130.92539	 87.37223
 763	1	 260.95448	 2.25872	 95.56359
 764	1	 358.68186	 95.31558	 182.46592
 765	1	 357.52891	 47.48226	 269.10429
 766	1	 327.47267	 42.26269	 358.47277
 767	1	 273.05412	 2.45950	 91.29243
 768	1	 124.87446	 88.20807	 47.89889
 769	1	 327.00443	 43.57336	 271.37891
 770	1	 177.96049	 131.14365	 86.68766
 771	1	 26.83849	 123.94696	 67.47021
 772	1	 169.05133	 2.86702	 106.95703
 773	1	 7.26716	 46.39088	 358.69257
 774	1	 234.32929	 141.92362	 113.85119
 775	1	 95.47585	 89.59244	 222.77415
 776	1	 19.14153	 124.04519	 344.37536
 777	1	 181.01010	 49.50023	 87.35352
 778	1	 73.69008	 6.88283	 292.77910
 779	1	 10.31146	 173.82296	 181.16981
 780	1	 176.31371	 94.66733	 265.35901
 781	1	 213.80663	 132.52648	 96.29889
 782	1	 54.95526	 179.73882	 137.95313
 783	1	 358.25418	 44.18542	 86.81481
 784	1	 25.38452	 58.46540	 288.01582
 785	1	 271.64234	 90.13821	 318.86875
 786	1	 176.26981	 134.05110	 266.98274
 787	1	 316.64164	 177.79198	 137.06190
 788	1	 157.00329	 4.71600	 204.15423
 789	1	 87.74809	 174.09933	 261.92229
 790	1	 359.62478	 48.91436	 90.57628
 791	1	 127.87228	 89.86675	 318.71012
 792	1	 304.25807	 175.82371	 127.02358
 793	1	 239.67025	 87.88919	 128.44787
 794	1	 152.26778	 58.53516	 257.91983
 795	1	 358.87137	 133.07849	 93.47530
 796	1	 305.70506	 93.47727	 127.60355
 797	1	 217.91514	 48.40547	 0.02360
 798	1	 2.67344	 179.95657	 6.68082
 799	1	 270.67166	 90.36141	 39.78973
 800	1	 357.70062	 133.11244	 89.01880
 801	1	 238.27580	 2.64169	 122.17014
 802	1	 238.14339	 143.42852	 20.54133
 803	1	 313.78500	 2.00503	 317.25034
 804	1	 270.84158	 0.65179	 180.17963
 805	1	 284.13216	 0.89921	 171.90090
 806	1	 122.20035	 149.79939	 69.03230
 807	1	 94.01325	 89.99414	 274.15901
 808	1	 263.82770	 6.05413	 265.92471
 809	1	 296.49271	 175.10088	 28.86190
 810	1	 184.10344	 44.02340	 267.47260
 811	1	 329.30750	 7.59450	 38.61187
 812	1	 129.86055	 79.19350	 235.55825
 813	1	 343.11182	 0.40532	 276.20571
 814	1	 214.48673	 134.04520	 356.71140
 815	1	 322.07911	 138.71424	 177.50864
 816	1	 213.07656	 132.78087	 90.55040
 817	1	 199.07729	 171.73447	 105.13458
 818	1	 239.16863	 145.80113	 207.27380
 819	1	 279.93998	 5.35150	 79.62938
 820	1	 301.16716	 94.43025	 316.38432
 821	1	 287.02610	 0.05688	 341.20152
 822	1	 25.88907	 120.02361	 254.70213
 823	1	 268.86882	 91.71835	 357.94752
 824	1	 199.65827	 175.60686	 191.57304
 825	1	 231.16733	 175.20987	 225.58656
 826	1	 359.12516	 97.72374	 270.15646
 827	1	 264.24009	 84.20098	 180.92073
 828	1	 354.72000	 134.01920	 87.42692
 829	1	 125.66536	 143.57232	 153.79494
 830	1	 122.25795	 87.38415	 44.82610
 831	1	 161.64079	 0.00642	 188.82656
 832	1	 146.00820	 135.65137	 83.68463
 833	1	 27.38184	 43.59875	 263.60611
 834	1	 300.55451	 94.24340	 49.03354
 835	1	 81.23165	 177.80370	 251.92405
 836	1	 356.05390	 133.28286	 4.28086
 837	1	 311.40797	 102.92113	 121.42159
 838	1	 126.15954	 141.38734	 252.32491
 839	1	 271.81104	 177.59190	 270.33971
 840	1	 208.04906	 122.68596	 71.80937
 841	1	 51.36739	 88.81581	 134.31443
 842	1	 215.46659	 135.04124	 90.24420
 843	1	 359.06358	 0.58781	 267.55832
 844	1	 140.54997	 49.98357	 357.80870
 845	1	 352.43882	 175.51075	 353.97885
 846	1	 355.78526	 133.81879	 93.43891
 847	1	 90.85348	 91.04795	 2.86728
 848	1	 106.17996	 5.32232	 75.39845
 849	1	 193.69181	 179.67508	 19.87484
 850	1	 133.42669	 73.81759	 150.24713
 851	1	 182.54943	 81.89561	 186.65634
 852	1	 199.41360	 59.01084	 23.62844
 853	1	 317.27761	 134.22224	 272.36879
 854	1	 56.43551	 145.60540	 25.67648
 855	1	 311.84612	 76.48452	 236.58119
 856	1	 269.24792	 88.63983	 311.59226
 857	1	 185.17292	 95.85613	 274.03443
 858	1	 325.96715	 47.25099	 93.24077
 859	1	 57.06075	 140.05902	 31.06395
 860	1	 146.16106	 131.98017	 359.21443
 861	1	 216.46444	 135.41379	 270.21011
 862	1	 146.96318	 43.77853	 88.57513
 863	1	 89.40974	 92.80008	 40.87789
 864	1	 56.33292	 74.22328	 35.48134
 865	1	 179.21925	 43.77757	 180.46825
 866	1	 182.56552	 2.07488	 267.58696
 867	1	 122.05433	 108.05806	 119.07341
 868	1	 27.94113	 6.54253	 70.66462
 869	1	 358.46175	 47.97511	 180.40282
 870	1	 32.41397	 131.25789	 178.33585
 871	1	 359.77888	 134.62908	 0.49264
 872	1	 221.18334	 137.39005	 2.79099
 873	1	 52.56946	 177.86406	 312.90928
 874	1	 153.33015	 49.08905	 248.87113
 875	1	 268.02762	 91.31270	 134.32821
 876	1	 122.79852	 147.69416	 61.02707
 877	1	 241.26099	 39.88191	 242.53121
 878	1	 36.21705	 175.05240	 35.79873
 879	1	 88.52059	 86.62291	 271.30329
 880	1	 22.49786	 175.37529	 99.10909
 881	1	 272.31707	 93.72190	 134.69589
 882	1	 54.83970	 89.43150	 137.68359
 883	1	 270.91922	 94.70480	 181.44527
 884	1	 128.79370	 87.76536	 43.84978
 885	1	 339.86385	 118.95321	 203.57474
 886	1	 88.39723	 96.04303	 136.26160
 887	1	 357.16467	 39.03654	 272.39319
 888	1	 184.35686	 90.14484	 3.94137
 889	1	 200.61464	 2.06205	 72.54879
 890	1	 269.18200	 87.57018	 226.38398
 891	1	 325.54196	 44.28457	 88.49735
 892	1	 24.02650	 60.30123	 202.42536
 893	1	 183.72333	 43.72853	 269.43860
 894	1	 347.54359	 0.92508	 282.30649
 895	1	 35.00094	 0.48371	 240.21576
 896	1	 136.40579	 111.38219	 117.62941
 897	1	 202.04867	 59.12263	 291.39148
 898	1	 34.82241	 51.22129	 6.69506
 899	1	 233.43574	 89.24367	 226.20081
 900	1	 239.20438	 1.34452	 218.80602
 901	1	 2.21303	 90.30882	 271.28827
 902	1	 183.42997	 44.89312	 179.15429
 903	1	 300.74672	 91.90660	 38.86972
 904	1	 79.39085	 89.11553	 132.31089
 905	1	 233.64344	 103.33148	 239.59149
 906	1	 145.44890	 177.75154	 143.16376
 907	1	 235.01023	 91.75534	 312.97655
 908	1	 82.47188	 2.01609	 191.69690
 909	1	 124.22064	 75.30499	 238.25437
 910	1	 140.09872	 4.34455	 43.73100
 911	1	 177.80312	 133.05704	 181.45360
 912	1	 273.19621	 91.53736	 318.71730
 913	1	 311.69557	 105.98181	 40.21746
 914	1	 149.56349	 175.81693	 58.17174
 915	1	 245.20898	 35.16271	 327.63491
 916	1	 182.53895	 51.10862	 87.46024
 917	1	 34.86496	 140.17281	 359.16519
 918	1	 311.87755	 105.87370	 212.72625
 919	1	 230.13325	 177.54697	 47.87147
 920	1	 306.80101	 86.13973	 317.92122
 921	1	 201.48835	 55.66285	 286.21118
 922	1	 179.05302	 40.53163	 179.67542
 923	1	 146.29503	 137.55078	 180.17638
 924	1	 206.71018	 124.59820	 166.56858
 925	1	 128.37962	 93.84278	 43.84125
 926	1	 228.91014	 91.72162	 228.17565
 927	1	 234.39199	 105.90345	 235.10195
 928	1	 356.64275	 44.48278	 94.12453
 929	1	 170.52843	 94.09268	 174.92034
 930	1	 206.37607	 57.88614	 19.51857
 931	1	 218.11001	 46.07639	 270.75491
 932	1	 3.18992	 85.72095	 358.69124
 933	1	 316.27613	 177.34809	 139.41426
 934	1	 321.91918	 136.92903	 269.79346
 935	1	 184.34542	 134.01969	 268.52750
 936	1	 1.31492	 78.01409	 90.78126
 937	1	 47.25329	 178.41441	 136.54737
 938	1	 129.60119	 81.74481	 46.70702
 939	1	 143.42705	 133.00681	 185.76157
 940	1	 181.15095	 94.23218	 92.86730
 941	1	 303.76897	 40.84043	 30.90973
 942	1	 113.18295	 174.03554	 193.00542
 943	1	 335.07069	 121.84834	 281.81750
 944	1	 2.18708	 41.61062	 270.10860
 945	1	 233.88678	 99.41597	 321.39567
 946	1	 356.90843	 49.43859	 5.00241
 947	1	 271.26808	 86.11895	 223.09255
 948	1	 178.54057	 47.48819	 181.07378
 949	1	 151.10500	 38.80957	 275.94264
 950	1	 213.72353	 177.21859	 209.78575
 951	1	 171.96976	 40.59532	 2.82683
 952	1	 144.66953	 43.60547	 278.03638
 953	1	 259.96222	 179.11144	 75.39305
 954	1	 29.74371	 120.23797	 337.76866
 955	1	 16.11027	 3.04226	 64.50657
 956	1	 180.72654	 93.20008	 97.73425
 957	1	 55.31591	 0.50229	 131.03445
 958	1	 325.24350	 0.01406	 219.79998
 959	1	 56.47412	 138.76084	 201.56755
 960	1	 60.98044	 139.54441	 293.66670
 961	1	 139.66116	 42.88495	 272.08952
 962	1	 92.11784	 91.75694	 97.61418
 963	1	 183.18494	 44.38224	 84.31789
 964	1	 181.40184	 136.58852	 183.33404
 965	1	 30.62634	 41.67577	 179.21564
 966	1	 356.95546	 89.97952	 276.42454
 967	1	 146.68963	 45.41093	 93.21414
 968	1	 301.66390	 83.52977	 134.77328
 969	1	 184.77044	 138.29667	 276.26206
 970	1	 147.84786	 134.27065	 358.32148
 971	1	 185.12079	 44.23691	 358.71032
 972	1	 125.47212	 76.76861	 64.24220
 973	1	 234.64686	 109.29277	 330.62217
 974	1	 174.79527	 176.05943	 75.21335
 975	1	 50.33604	 87.12516	 139.24306
 976	1	 82.52586	 6.69026	 102.45614
 977	1	 158.09577	 178.65195	 333.92604
 978	1	 129.20011	 1.22835	 138.61026
 979	1	 5.42546	 96.57879	 354.13320
 980	1	 355.34950	 86.36399	 91.97068
 981	1	 358.49674	 42.86912	 178.62524
 982	1	 270.55856	 89.97793	 273.65122
 983	1	 267.96282	 91.61799	 92.54466
 984	1	 323.77979	 138.53104	 180.73075
 985	1	 87.45231	 85.30645	 135.84771
 986	1	 173.78430	 136.28565	 185.93110
 987	1	 217.93583	 178.58943	 127.42899
 988	1	 120.96677	 145.95886	 65.57013
 989	1	 169.09139	 172.89407	 174.04377
 990	1	 358.75595	 133.08225	 269.56246
 991	1	 143.39339	 46.95298	 357.87363
 992	1	 301.87327	 105.19331	 221.52025
 993	1	 32.15068	 44.31623	 176.97748
 994	1	 144.17979	 43.29448	 182.75779
 995	1	 222.17920	 135.81181	 183.18326
 996	1	 216.27619	 2.71004	 235.91794
 997	1	 355.56007	 46.94808	 88.43177
 998	1	 5.52540	 177.92247	 274.38981
 999	1	 156.46668	 176.26349	 68.25516
1000	1	 330.58127	 6.83179	 287.62321
